0	1.20
0.0100000000000000	1.21251549864210
0.0200000000000000	1.31268459488729
0.0300000000000000	1.19637037094045
0.0400000000000000	1.29640413555182
0.0500000000000000	1.43867748960563
0.0600000000000000	1.42385393662606
0.0700000000000000	1.83398407012184
0.0800000000000000	2.15442764507190
0.0900000000000000	1.72350742959231
0.100000000000000	2.00302964054025
0.110000000000000	2.17437445528952
0.120000000000000	1.56832470258399
0.130000000000000	1.17360543818733
0.140000000000000	1.44929120255835
0.150000000000000	1.39971456810215
0.160000000000000	1.88223035045932
0.170000000000000	2.14216119313123
0.180000000000000	1.80425648031901
0.190000000000000	1.80817624827712
0.200000000000000	1.84331109831095
0.210000000000000	2.04685953086367
0.220000000000000	2.12059481358744
0.230000000000000	2.36336534051647
0.240000000000000	2.12868967731039
0.250000000000000	2.44900254645288
0.260000000000000	2.97747599122771
0.270000000000000	3.33755525337267
0.280000000000000	3.25977689867980
0.290000000000000	3.67642729032017
0.300000000000000	4.34634886736711
0.310000000000000	4.97737347299396
0.320000000000000	5.65056009108538
0.330000000000000	5.86945883450345
0.340000000000000	5.69988800410219
0.350000000000000	5.05954080605504
0.360000000000000	4.78185208235253
0.370000000000000	4.42067391597728
0.380000000000000	4.10574057001920
0.390000000000000	3.82548975374233
0.400000000000000	3.35770739211455
0.410000000000000	2.80444624924727
0.420000000000000	2.36239890364420
0.430000000000000	2.02689854104845
0.440000000000000	1.86302061412290
0.450000000000000	1.83612546322748
0.460000000000000	1.86621904820621
0.470000000000000	1.88087017286019
0.480000000000000	1.79879105334262
0.490000000000000	1.63093433731205
0.500000000000000	1.41580221575035
0.510000000000000	1.28591712239244
0.520000000000000	1.27975908946188
0.530000000000000	1.40023347075080
0.540000000000000	1.56160595759404
0.550000000000000	1.69464265588505
0.560000000000000	1.76742700453967
0.570000000000000	1.76689925088677
0.580000000000000	1.67812609942734
0.590000000000000	1.54699027029221
0.600000000000000	1.53180578545286
0.610000000000000	1.57074478833831
0.620000000000000	1.59290737385842
0.630000000000000	1.58737671395921
0.640000000000000	1.58616939485614
0.650000000000000	1.56088602358092
0.660000000000000	1.52523171576298
0.670000000000000	1.48423887846377
0.680000000000000	1.42747483126015
0.690000000000000	1.37440588727042
0.700000000000000	1.38328705920654
0.710000000000000	1.47233213516388
0.720000000000000	1.51262311137760
0.730000000000000	1.51011743171275
0.740000000000000	1.46882984012812
0.750000000000000	1.39535462441350
0.760000000000000	1.29558562211438
0.770000000000000	1.21048024844473
0.780000000000000	1.17531053204399
0.790000000000000	1.14096119782147
0.800000000000000	1.10018318036566
0.810000000000000	1.05492784147942
0.820000000000000	1.01478187516145
0.830000000000000	0.970569455881183
0.840000000000000	0.923458038136341
0.850000000000000	0.874550462578996
0.860000000000000	0.830974602137475
0.870000000000000	0.786296704265000
0.880000000000000	0.741355348652268
0.890000000000000	0.696875159746027
0.900000000000000	0.661679530847543
0.910000000000000	0.659623820341383
0.920000000000000	0.684144856916303
0.930000000000000	0.727604489919990
0.940000000000000	0.762330137417129
0.950000000000000	0.788293697870040
0.960000000000000	0.807745411367609
0.970000000000000	0.819527108511218
0.980000000000000	0.827071244527710
0.990000000000000	0.828730926338216
1	0.827786379586327
1.01000000000000	0.823204801392628
1.02000000000000	0.817146340003651
1.03000000000000	0.809485315540634
1.04000000000000	0.801404054459731
1.05000000000000	0.792881176616837
1.06000000000000	0.785003165671834
1.07000000000000	0.776895419393973
1.08000000000000	0.770318948758957
1.09000000000000	0.763107566342765
1.10000000000000	0.757861800084740
1.11000000000000	0.751444455496314
1.12000000000000	0.746926549000948
1.13000000000000	0.740840762115697
1.14000000000000	0.736531289897959
1.15000000000000	0.730494464848267
1.16000000000000	0.725792957608220
1.17000000000000	0.719791211866120
1.18000000000000	0.713835353320011
1.19000000000000	0.707142329251059
1.20000000000000	0.699473536956496
1.21000000000000	0.691081140948804
1.22000000000000	0.681442005593176
1.23000000000000	0.670844070759707
1.24000000000000	0.659189165233917
1.25000000000000	0.646576396757883
1.26000000000000	0.634665040863526
1.27000000000000	0.623450418211633
1.28000000000000	0.610694293396022
1.29000000000000	0.596546761436463
1.30000000000000	0.582361939254098
1.31000000000000	0.567590503621409
1.32000000000000	0.551793004949038
1.33000000000000	0.535164962020629
1.34000000000000	0.517905036667231
1.35000000000000	0.500210930196467
1.36000000000000	0.482275712580360
1.37000000000000	0.464704192630336
1.38000000000000	0.447502541772590
1.39000000000000	0.430422775517575
1.40000000000000	0.413622549499843
1.41000000000000	0.397245040274841
1.42000000000000	0.381417961413798
1.43000000000000	0.366252999479092
1.44000000000000	0.351845625812437
1.45000000000000	0.338275236520997
1.46000000000000	0.325605571647292
1.47000000000000	0.313885364884307
1.48000000000000	0.303149176986142
1.49000000000000	0.293418368889430
1.50000000000000	0.284768990003693
1.51000000000000	0.277578675807851
1.52000000000000	0.271404984537443
1.53000000000000	0.267548686103704
1.54000000000000	0.264732231530205
1.55000000000000	0.262939023704006
1.56000000000000	0.262733926319091
1.57000000000000	0.263289101837488
1.58000000000000	0.264514658105157
1.59000000000000	0.266319496447132
1.60000000000000	0.268612673475826
1.61000000000000	0.271304579039878
1.62000000000000	0.274307937551957
1.63000000000000	0.277538642463401
1.64000000000000	0.280916435458247
1.65000000000000	0.284386859559910
1.66000000000000	0.289378871608285
1.67000000000000	0.294854735386759
1.68000000000000	0.300558509494903
1.69000000000000	0.306423833152604
1.70000000000000	0.312386322013983
1.71000000000000	0.318384072143443
1.72000000000000	0.324358071415549
1.73000000000000	0.330394112487698
1.74000000000000	0.336520416051653
1.75000000000000	0.342499529999095
1.76000000000000	0.348284546032663
1.77000000000000	0.353832218758698
1.78000000000000	0.359103029790837
1.79000000000000	0.364468487261216
1.80000000000000	0.369610985361506
1.81000000000000	0.374401540613835
1.82000000000000	0.378812877362455
1.83000000000000	0.382821218746071
1.84000000000000	0.386799015789162
1.85000000000000	0.390563665880686
1.86000000000000	0.393884333529897
1.87000000000000	0.396747727067018
1.88000000000000	0.399143508322191
1.89000000000000	0.401359965638480
1.90000000000000	0.403471810171602
1.91000000000000	0.405101946760650
1.92000000000000	0.406248323518750
1.93000000000000	0.406911202809305
1.94000000000000	0.407093014016659
1.95000000000000	0.407424700772168
1.96000000000000	0.407340097448492
1.97000000000000	0.406784078335416
1.98000000000000	0.405764709485438
1.99000000000000	0.404291604525273
2	0.402692929578342
2.01000000000000	0.401008185101237
2.02000000000000	0.398891593633310
2.03000000000000	0.396356506971694
2.04000000000000	0.393417274061377
2.05000000000000	0.390624603461549
2.06000000000000	0.387541613018933
2.07000000000000	0.384083650967326
2.08000000000000	0.380461460799806
2.09000000000000	0.376899444089663
2.10000000000000	0.372993583502821
2.11000000000000	0.373720362689059
2.12000000000000	0.375170811392102
2.13000000000000	0.376598118364894
2.14000000000000	0.377507072035678
2.15000000000000	0.378283403184178
2.16000000000000	0.378528087707284
2.17000000000000	0.378691281170807
2.18000000000000	0.378165130752662
2.19000000000000	0.377680505698953
2.20000000000000	0.376613053579932
2.21000000000000	0.375178017731940
2.22000000000000	0.373614543758892
2.23000000000000	0.371449565381292
2.24000000000000	0.369312960567967
2.25000000000000	0.366730636009291
2.26000000000000	0.364066193888905
2.27000000000000	0.361110464202515
2.28000000000000	0.358232542323969
2.29000000000000	0.355160361985268
2.30000000000000	0.352047263191123
2.31000000000000	0.349071009923120
2.32000000000000	0.346131099209744
2.33000000000000	0.343341474050195
2.34000000000000	0.340735777676171
2.35000000000000	0.338210118782971
2.36000000000000	0.335573402890565
2.37000000000000	0.333015067611992
2.38000000000000	0.330362121881301
2.39000000000000	0.327585923898256
2.40000000000000	0.324943272954599
2.41000000000000	0.322224672534427
2.42000000000000	0.319392342693004
2.43000000000000	0.316700098317373
2.44000000000000	0.313927994211514
2.45000000000000	0.311087440304183
2.46000000000000	0.308377034618483
2.47000000000000	0.305653629050370
2.48000000000000	0.302901254358516
2.49000000000000	0.300199847672109
2.50000000000000	0.297586617117233
2.51000000000000	0.294953327086961
2.52000000000000	0.292339958320387
2.53000000000000	0.289845893240394
2.54000000000000	0.287565770964026
2.55000000000000	0.285501647654386
2.56000000000000	0.283540479608531
2.57000000000000	0.281606327227515
2.58000000000000	0.279750896232332
2.59000000000000	0.277768958514674
2.60000000000000	0.275887384353613
2.61000000000000	0.278005777629830
2.62000000000000	0.281014838837450
2.63000000000000	0.283725795587490
2.64000000000000	0.286097893061303
2.65000000000000	0.288287506515344
2.66000000000000	0.290015890110298
2.67000000000000	0.291540084897326
2.68000000000000	0.292688628285014
2.69000000000000	0.293544437567946
2.70000000000000	0.294143590932041
2.71000000000000	0.294390038406945
2.72000000000000	0.294514598557278
2.73000000000000	0.294286471670539
2.74000000000000	0.293960634680175
2.75000000000000	0.293432347358287
2.76000000000000	0.293632866878437
2.77000000000000	0.295381040900017
2.78000000000000	0.297049282144264
2.79000000000000	0.298602522526258
2.80000000000000	0.299996069801290
2.81000000000000	0.301180400551370
2.82000000000000	0.302095083729045
2.83000000000000	0.302775555923014
2.84000000000000	0.303275891242917
2.85000000000000	0.303422179088962
2.86000000000000	0.303387451412697
2.87000000000000	0.303121671492557
2.88000000000000	0.302517854127504
2.89000000000000	0.301872288354600
2.90000000000000	0.300910374794571
2.91000000000000	0.299761843338619
2.92000000000000	0.298488147254422
2.93000000000000	0.296971902493334
2.94000000000000	0.295375471045147
2.95000000000000	0.293696672130639
2.96000000000000	0.291914446926864
2.97000000000000	0.290085111683033
2.98000000000000	0.288277143291818
2.99000000000000	0.287297713814109
3	0.286544975780037