0	0
0.0200000000000000	-0.00175942915392457
0.0400000000000000	-0.00118756371049949
0.0600000000000000	-0.000591233435270133
0.0800000000000000	-0.000437308868501529
0.100000000000000	0.000202854230377166
0.120000000000000	-0.00128338430173293
0.140000000000000	-0.00167074413863405
0.160000000000000	-0.00211722731906218
0.180000000000000	-0.00363608562691132
0.200000000000000	-0.00267991845056065
0.220000000000000	-0.00284913353720693
0.240000000000000	-3.05810397553517e-05
0.260000000000000	0.00178287461773700
0.280000000000000	0.00231396534148828
0.300000000000000	0.00377471967380224
0.320000000000000	0.00107849133537207
0.340000000000000	-0.00170744138634047
0.360000000000000	-0.00334556574923547
0.380000000000000	-0.00391233435270133
0.400000000000000	-0.00606931702344546
0.420000000000000	-0.00515902140672783
0.440000000000000	-0.000903160040774720
0.460000000000000	0.00139857288481142
0.480000000000000	0.00442201834862385
0.500000000000000	0.00699388379204893
0.520000000000000	0.00640876656472987
0.540000000000000	0.00252701325178389
0.560000000000000	-0.00301223241590214
0.580000000000000	-0.00723139653414883
0.600000000000000	-0.00950050968399592
0.620000000000000	-0.00998572884811417
0.640000000000000	-0.00679816513761468
0.660000000000000	-0.00544036697247706
0.680000000000000	-0.00407135575942916
0.700000000000000	-0.000633027522935780
0.720000000000000	0.00602854230377166
0.740000000000000	0.0112803261977574
0.760000000000000	0.00773802242609582
0.780000000000000	0.00665647298674822
0.800000000000000	0.00320285423037717
0.820000000000000	-0.00309276248725790
0.840000000000000	-0.00574108053007136
0.860000000000000	-0.00346890927624873
0.880000000000000	0.00375840978593272
0.900000000000000	0.00261875637104995
0.920000000000000	0.00422935779816514
0.940000000000000	0.00559633027522936
0.960000000000000	0.00821508664627931
0.980000000000000	0.00958205912334353
1	0.00980632008154944
1.02000000000000	0.00851885830784913
1.04000000000000	0.00778287461773700
1.06000000000000	0.00611722731906218
1.08000000000000	0.00626401630988787
1.10000000000000	0.0107451580020387
1.12000000000000	0.00972375127420999
1.14000000000000	8.66462793068298e-05
1.16000000000000	-0.00967686034658512
1.18000000000000	-0.0139001019367992
1.20000000000000	-0.0287686034658512
1.22000000000000	-0.0369826707441386
1.24000000000000	-0.0320326197757390
1.26000000000000	-0.0177482161060143
1.28000000000000	0.000672782874617737
1.30000000000000	0.0240040774719674
1.32000000000000	0.0585749235474006
1.34000000000000	0.0724515800203874
1.36000000000000	0.0581314984709480
1.38000000000000	0.0471365953109072
1.40000000000000	0.0384546381243629
1.42000000000000	0.00156982670744139
1.44000000000000	-0.0354791029561672
1.46000000000000	-0.0452844036697248
1.48000000000000	-0.0384515800203874
1.50000000000000	-0.0318990825688073
1.52000000000000	-0.0305076452599388
1.54000000000000	-0.0197237512742100
1.56000000000000	-0.00174006116207951
1.58000000000000	0.0105851172273191
1.60000000000000	0.0155382262996942
1.62000000000000	0.0243669724770642
1.64000000000000	0.0420428134556575
1.66000000000000	0.0458460754332314
1.68000000000000	0.0398063200815494
1.70000000000000	0.0431529051987768
1.72000000000000	0.0220764525993884
1.74000000000000	-0.00664424057084608
1.76000000000000	-0.0292650356778797
1.78000000000000	-0.0346574923547401
1.80000000000000	-0.0356483180428135
1.82000000000000	-0.0427339449541284
1.84000000000000	-0.0345973496432212
1.86000000000000	-0.0182925586136595
1.88000000000000	-0.0280265035677880
1.90000000000000	-0.0179541284403670
1.92000000000000	-0.0103037716615698
1.94000000000000	0.0151355759429154
1.96000000000000	0.0530784913353721
1.98000000000000	0.0313955147808359
2	0.0276880733944954
2.02000000000000	0.0511233435270133
2.04000000000000	0.0644189602446483
2.06000000000000	0.0470560652395515
2.08000000000000	0.0267166156982671
2.10000000000000	0.00547910295616718
2.12000000000000	-0.0174566768603466
2.14000000000000	-0.0270071355759429
2.16000000000000	-0.0202018348623853
2.18000000000000	-0.0384699286442406
2.20000000000000	-0.0521488277268094
2.22000000000000	-0.0578858307849134
2.24000000000000	-0.0397359836901121
2.26000000000000	-0.0132813455657492
2.28000000000000	0.0355270132517839
2.30000000000000	0.0711223241590214
2.32000000000000	0.0430581039755352
2.34000000000000	0.0414852191641183
2.36000000000000	0.0224077471967380
2.38000000000000	0.0476564729867482
2.40000000000000	0.0811681957186544
2.42000000000000	0.0671620795107034
2.44000000000000	0.00858002038735984
2.46000000000000	-0.0193037716615698
2.48000000000000	0.0472895005096840
2.50000000000000	0.0996269113149847
2.52000000000000	0.0479092762487258
2.54000000000000	0.00965851172273191
2.56000000000000	0.0285555555555556
2.58000000000000	0.0292507645259939
2.60000000000000	0.0274546381243629
2.62000000000000	-0.0139979612640163
2.64000000000000	-0.0421559633027523
2.66000000000000	-0.0715698267074414
2.68000000000000	-0.0937706422018349
2.70000000000000	-0.0783934760448522
2.72000000000000	-0.0332477064220183
2.74000000000000	0.00765239551478084
2.76000000000000	0.00441794087665647
2.78000000000000	-0.0427869520897044
2.80000000000000	-0.0783435270132518
2.82000000000000	-0.103217125382263
2.84000000000000	-0.131745158002039
2.86000000000000	-0.0977492354740061
2.88000000000000	-0.0833904179408767
2.90000000000000	-0.0783812436289501
2.92000000000000	-0.0384026503567788
2.94000000000000	0.0392334352701325
2.96000000000000	0.102620795107034
2.98000000000000	0.0771702344546381
3	-0.0173374108053007
3.02000000000000	-0.0522986748216106
3.04000000000000	-0.114013251783894
3.06000000000000	-0.199938837920489
3.08000000000000	-0.230182466870540
3.10000000000000	-0.310400611620795
3.12000000000000	-0.325192660550459
3.14000000000000	-0.230665647298675
3.16000000000000	-0.0682364933741081
3.18000000000000	0.0762222222222222
3.20000000000000	0.169558613659531
3.22000000000000	0.268086646279307
3.24000000000000	0.359812436289501
3.26000000000000	0.350620795107034
3.28000000000000	0.283081549439348
3.30000000000000	0.213888888888889
3.32000000000000	0.160851172273191
3.34000000000000	0.0946850152905199
3.36000000000000	0.0335035677879715
3.38000000000000	0.0532171253822630
3.40000000000000	0.0807900101936799
3.42000000000000	0.0125229357798165
3.44000000000000	-0.0690305810397554
3.46000000000000	-0.108521916411825
3.48000000000000	-0.0969571865443425
3.50000000000000	-0.0759439347604485
3.52000000000000	-0.117037716615698
3.54000000000000	-0.144433231396534
3.56000000000000	-0.159559633027523
3.58000000000000	-0.127281345565749
3.60000000000000	-0.0954311926605505
3.62000000000000	-0.135101936799185
3.64000000000000	-0.227478083588175
3.66000000000000	-0.234945973496432
3.68000000000000	-0.252744138634047
3.70000000000000	-0.307944954128440
3.72000000000000	-0.253102956167176
3.74000000000000	-0.0932242609582059
3.76000000000000	0.0749571865443425
3.78000000000000	0.139961264016310
3.80000000000000	0.208437308868502
3.82000000000000	0.303557594291539
3.84000000000000	0.373748216106014
3.86000000000000	0.362262996941896
3.88000000000000	0.316504587155963
3.90000000000000	0.252412844036697
3.92000000000000	0.157069317023445
3.94000000000000	0.145489296636086
3.96000000000000	0.0921763506625892
3.98000000000000	0.162567787971458
4	0.194582059123344
4.02000000000000	0.128036697247706
4.04000000000000	0.184163098878695
4.06000000000000	0.255775739041794
4.08000000000000	0.265952089704383
4.10000000000000	0.206434250764526
4.12000000000000	0.133792048929664
4.14000000000000	0.0421304791029562
4.16000000000000	-0.00858409785932722
4.18000000000000	-0.0590825688073395
4.20000000000000	-0.108379204892966
4.22000000000000	-0.179221202854230
4.24000000000000	-0.207549439347604
4.26000000000000	-0.254825688073395
4.28000000000000	-0.291720693170234
4.30000000000000	-0.261561671763507
4.32000000000000	-0.282547400611621
4.34000000000000	-0.292262996941896
4.36000000000000	-0.310914373088685
4.38000000000000	-0.321395514780836
4.40000000000000	-0.336876656472987
4.42000000000000	-0.292745158002039
4.44000000000000	-0.124079510703364
4.46000000000000	-0.0314169215086646
4.48000000000000	-0.0658623853211009
4.50000000000000	-0.0598134556574924
4.52000000000000	0.0412497451580020
4.54000000000000	0.197816513761468
4.56000000000000	0.397905198776758
4.58000000000000	0.558662589194699
4.60000000000000	0.549797145769623
4.62000000000000	0.535207951070336
4.64000000000000	0.433186544342508
4.66000000000000	0.175603465851172
4.68000000000000	-0.116033639143731
4.70000000000000	-0.479429153924567
4.72000000000000	-0.687388379204893
4.74000000000000	-0.676505606523955
4.76000000000000	-0.525680937818553
4.78000000000000	-0.360475025484200
4.80000000000000	-0.246863404689093
4.82000000000000	-0.114438328236493
4.84000000000000	0.0843047910295617
4.86000000000000	0.290008154943935
4.88000000000000	0.518403669724771
4.90000000000000	0.663047910295617
4.92000000000000	0.624331294597350
4.94000000000000	0.438270132517839
4.96000000000000	0.308860346585117
4.98000000000000	0.229254841997961
5	0.0951090723751274
5.02000000000000	-0.114258919469929
5.04000000000000	-0.550590214067278
5.06000000000000	-0.816073394495413
5.08000000000000	-0.700593272171254
5.10000000000000	-0.536429153924567
5.12000000000000	-0.474799184505607
5.14000000000000	-0.395008154943935
5.16000000000000	-0.236917431192661
5.18000000000000	-0.0580438328236493
5.20000000000000	0.115756371049949
5.22000000000000	0.276783893985729
5.24000000000000	0.506139653414883
5.26000000000000	0.757532110091743
5.28000000000000	0.888566768603466
5.30000000000000	0.672022426095821
5.32000000000000	0.322024464831804
5.34000000000000	0.215565749235474
5.36000000000000	0.0972344546381244
5.38000000000000	-0.131950050968400
5.40000000000000	-0.717201834862385
5.42000000000000	-1.19992048929664
5.44000000000000	-1.10102752293578
5.46000000000000	-0.813104994903160
5.48000000000000	-0.421253822629969
5.50000000000000	-0.122658511722732
5.52000000000000	0.0567859327217125
5.54000000000000	0.159841997961264
5.56000000000000	0.263974515800204
5.58000000000000	0.311469928644241
5.60000000000000	0.327143730886850
5.62000000000000	0.411749235474006
5.64000000000000	0.416883792048930
5.66000000000000	0.269106014271152
5.68000000000000	0.114554536187564
5.70000000000000	0.00921304791029562
5.72000000000000	-0.142799184505607
5.74000000000000	-0.450103975535168
5.76000000000000	-0.652393476044852
5.78000000000000	-0.455790010193680
5.80000000000000	-0.228160040774720
5.82000000000000	-0.0542884811416922
5.84000000000000	0.139000000000000
5.86000000000000	0.279688073394495
5.88000000000000	0.353944954128440
5.90000000000000	0.402876656472987
5.92000000000000	0.429724770642202
5.94000000000000	0.420139653414883
5.96000000000000	0.370533129459735
5.98000000000000	0.315782874617737
6	0.137396534148828
6.02000000000000	-0.125006116207951
6.04000000000000	-0.267905198776758
6.06000000000000	-0.285759429153925
6.08000000000000	-0.200766564729867
6.10000000000000	-0.0958837920489297
6.12000000000000	0.0164556574923547
6.14000000000000	0.123991845056065
6.16000000000000	0.298446483180428
6.18000000000000	0.495620795107034
6.20000000000000	0.610823649337411
6.22000000000000	0.598557594291539
6.24000000000000	0.573430173292559
6.26000000000000	0.603929663608563
6.28000000000000	0.626659531090724
6.30000000000000	0.510546381243629
6.32000000000000	0.266960244648318
6.34000000000000	0.102245667686035
6.36000000000000	0.0264933741080530
6.38000000000000	-0.0376513761467890
6.40000000000000	-0.132293577981651
6.42000000000000	-0.236264016309888
6.44000000000000	-0.404452599388379
6.46000000000000	-0.523564729867482
6.48000000000000	-0.544800203873598
6.50000000000000	-0.527882772680938
6.52000000000000	-0.476739041794088
6.54000000000000	-0.379673802242610
6.56000000000000	-0.245114169215087
6.58000000000000	-0.111307849133537
6.60000000000000	0.00188888888888889
6.62000000000000	0.0776615698267075
6.64000000000000	0.134431192660550
6.66000000000000	0.175041794087666
6.68000000000000	0.142700305810398
6.70000000000000	0.0619062181447503
6.72000000000000	0.0351406727828746
6.74000000000000	0.0674801223241590
6.76000000000000	0.0862191641182467
6.78000000000000	0.0750173292558614
6.80000000000000	0.0182048929663609
6.82000000000000	-0.0636636085626911
6.84000000000000	-0.117414882772681
6.86000000000000	-0.141853211009174
6.88000000000000	-0.113833843017329
6.90000000000000	-0.0850377166156983
6.92000000000000	-0.0860998980632008
6.94000000000000	-0.104090723751274
6.96000000000000	-0.105832823649337
6.98000000000000	-0.0410265035677880
7	0.0342110091743119
7.02000000000000	0.0512079510703364
7.04000000000000	0.0271202854230377
7.06000000000000	0.0308318042813456
7.08000000000000	0.0871763506625892
7.10000000000000	0.147908256880734
7.12000000000000	0.144183486238532
7.14000000000000	0.0414036697247706
7.16000000000000	-0.0484271151885831
7.18000000000000	-0.108660550458716
7.20000000000000	-0.166818552497452
7.22000000000000	-0.269013251783894
7.24000000000000	-0.363897043832824
7.26000000000000	-0.376471967380224
7.28000000000000	-0.350837920489297
7.30000000000000	-0.333533129459735
7.32000000000000	-0.268936799184506
7.34000000000000	-0.125487257900102
7.36000000000000	0.00920489296636086
7.38000000000000	0.132863404689093
7.40000000000000	0.229109072375127
7.42000000000000	0.358617737003058
7.44000000000000	0.481260958205912
7.46000000000000	0.482013251783894
7.48000000000000	0.355142711518858
7.50000000000000	0.195920489296636
7.52000000000000	0.0751335372069317
7.54000000000000	-0.0279164118246687
7.56000000000000	-0.158513761467890
7.58000000000000	-0.289606523955148
7.60000000000000	-0.418476044852192
7.62000000000000	-0.532161060142712
7.64000000000000	-0.475505606523955
7.66000000000000	-0.320877675840979
7.68000000000000	-0.176697247706422
7.70000000000000	-0.0461936799184506
7.72000000000000	0.0699286442405708
7.74000000000000	0.173568807339450
7.76000000000000	0.229496432212029
7.78000000000000	0.276793068297655
7.80000000000000	0.307596330275229
7.82000000000000	0.278724770642202
7.84000000000000	0.177586136595311
7.86000000000000	0.0551661569826707
7.88000000000000	-0.0303649337410805
7.90000000000000	-0.110529051987768
7.92000000000000	-0.194318042813456
7.94000000000000	-0.274312945973496
7.96000000000000	-0.318061162079511
7.98000000000000	-0.313677879714577
8	-0.267193679918451
8.02000000000000	-0.220373088685015
8.04000000000000	-0.178662589194699
8.06000000000000	-0.128357798165138
8.08000000000000	-0.0696085626911315
8.10000000000000	-0.0144668705402650
8.12000000000000	0.0187859327217125
8.14000000000000	0.0430530071355759
8.16000000000000	0.0756360856269113
8.18000000000000	0.137636085626911
8.20000000000000	0.217200815494394
8.22000000000000	0.265341488277268
8.24000000000000	0.277410805300714
8.26000000000000	0.298554536187564
8.28000000000000	0.314793068297655
8.30000000000000	0.299103975535168
8.32000000000000	0.260144750254842
8.34000000000000	0.200364933741081
8.36000000000000	0.118569826707441
8.38000000000000	0.0167512742099898
8.40000000000000	-0.0808256880733945
8.42000000000000	-0.167287461773700
8.44000000000000	-0.212345565749236
8.46000000000000	-0.227721712538226
8.48000000000000	-0.230852191641182
8.50000000000000	-0.193405708460754
8.52000000000000	-0.119495412844037
8.54000000000000	-0.0361630988786952
8.56000000000000	0.0312915392456677
8.58000000000000	0.0875484199796126
8.60000000000000	0.142952089704383
8.62000000000000	0.193019367991845
8.64000000000000	0.206878695208970
8.66000000000000	0.194282364933741
8.68000000000000	0.167078491335372
8.70000000000000	0.129594291539246
8.72000000000000	0.0809938837920489
8.74000000000000	0.0201355759429154
8.76000000000000	-0.0294607543323140
8.78000000000000	-0.0639245667686035
8.80000000000000	-0.115320081549439
8.82000000000000	-0.178366972477064
8.84000000000000	-0.219625891946993
8.86000000000000	-0.197547400611621
8.88000000000000	-0.119998980632008
8.90000000000000	-0.0478501529051988
8.92000000000000	0.00504587155963303
8.94000000000000	0.0416075433231397
8.96000000000000	0.0835759429153925
8.98000000000000	0.117523955147808
9	0.126194699286442
9.02000000000000	0.0892609582059123
9.04000000000000	0.0321488277268094
9.06000000000000	0.0223261977573904
9.08000000000000	0.0274240570846075
9.10000000000000	0.0263312945973496
9.12000000000000	0.0227094801223242
9.14000000000000	0.0274240570846075
9.16000000000000	0.0364281345565749
9.18000000000000	0.0422895005096840
9.20000000000000	0.0483679918450561
9.22000000000000	0.0501692150866463
9.24000000000000	0.0511651376146789
9.26000000000000	0.0690061162079511
9.28000000000000	0.105484199796126
9.30000000000000	0.137276248725790
9.32000000000000	0.136826707441386
9.34000000000000	0.0983231396534149
9.36000000000000	0.0580499490316004
9.38000000000000	0.0193516819571865
9.40000000000000	-0.0207553516819572
9.42000000000000	-0.0533109072375127
9.44000000000000	-0.0802212028542304
9.46000000000000	-0.107207951070336
9.48000000000000	-0.134827726809378
9.50000000000000	-0.145954128440367
9.52000000000000	-0.131861365953109
9.54000000000000	-0.102063200815494
9.56000000000000	-0.0570835881753313
9.58000000000000	-0.00720489296636086
9.60000000000000	0.0372334352701325
9.62000000000000	0.0843659531090724
9.64000000000000	0.143935779816514
9.66000000000000	0.191891946992864
9.68000000000000	0.197247706422018
9.70000000000000	0.184081549439348
9.72000000000000	0.170663608562691
9.74000000000000	0.154498470948012
9.76000000000000	0.113429153924567
9.78000000000000	0.0438318042813456
9.80000000000000	-0.0397675840978593
9.82000000000000	-0.131451580020387
9.84000000000000	-0.221131498470948
9.86000000000000	-0.269353720693170
9.88000000000000	-0.253325178389399
9.90000000000000	-0.196740061162080
9.92000000000000	-0.138568807339450
9.94000000000000	-0.0868623853211009
9.96000000000000	-0.0367420998980632
9.98000000000000	0.0167604485219164
10	0.0626034658511723
10.0200000000000	0.102004077471967
10.0400000000000	0.152436289500510
10.0600000000000	0.192879714576962
10.0800000000000	0.180616717635066
10.1000000000000	0.125532110091743
10.1200000000000	0.0669663608562691
10.1400000000000	0.0388766564729868
10.1600000000000	0.0398899082568807
10.1800000000000	0.0254617737003058
10.2000000000000	-0.00307849133537207
10.2200000000000	-0.0283109072375127
10.2400000000000	-0.0459429153924567
10.2600000000000	-0.0558348623853211
10.2800000000000	-0.0756992864424057
10.3000000000000	-0.104829765545362
10.3200000000000	-0.118270132517839
10.3400000000000	-0.111619775739042
10.3600000000000	-0.0913486238532110
10.3800000000000	-0.0857798165137615
10.4000000000000	-0.0939153924566769
10.4200000000000	-0.0948358817533130
10.4400000000000	-0.0810917431192661
10.4600000000000	-0.0599857288481142
10.4800000000000	-0.0443404689092762
10.5000000000000	-0.0384740061162080
10.5200000000000	-0.0389388379204893
10.5400000000000	-0.0367828746177370
10.5600000000000	-0.0299663608562691
10.5800000000000	-0.0250142711518858
10.6000000000000	-0.0335158002038736
10.6200000000000	-0.0507257900101937
10.6400000000000	-0.0570275229357798
10.6600000000000	-0.0379877675840979
10.6800000000000	-0.00419367991845056
10.7000000000000	0.0231732925586137
10.7200000000000	0.0278053007135576
10.7400000000000	0.0214108053007136
10.7600000000000	0.0250254841997961
10.7800000000000	0.0331906218144750
10.8000000000000	0.0181365953109072
10.8200000000000	-0.0253761467889908
10.8400000000000	-0.0728511722731906
10.8600000000000	-0.110429153924567
10.8800000000000	-0.139852191641182
10.9000000000000	-0.176918450560652
10.9200000000000	-0.222871559633028
10.9400000000000	-0.235221202854230
10.9600000000000	-0.193152905198777
10.9800000000000	-0.138587155963303
11	-0.0942048929663609
11.0200000000000	-0.0596595310907238
11.0400000000000	-0.0194383282364934
11.0600000000000	0.0294862385321101
11.0800000000000	0.0703567787971458
11.1000000000000	0.101483180428135
11.1200000000000	0.119513761467890
11.1400000000000	0.121871559633028
11.1600000000000	0.118700305810398
11.1800000000000	0.108905198776758
11.2000000000000	0.0858827726809378
11.2200000000000	0.0597584097859327
11.2400000000000	0.0335270132517839
11.2600000000000	0.0136513761467890
11.2800000000000	-0.00214169215086646
11.3000000000000	-0.0190377166156983
11.3200000000000	-0.0287023445463812
11.3400000000000	-0.0368542303771662
11.3600000000000	-0.0517818552497452
11.3800000000000	-0.0680968399592253
11.4000000000000	-0.0661529051987768
11.4200000000000	-0.0485912334352701
11.4400000000000	-0.0247308868501529
11.4600000000000	-0.00185321100917431
11.4800000000000	0.0111712538226300
11.5000000000000	0.0261335372069317
11.5200000000000	0.0462833843017329
11.5400000000000	0.0694475025484200
11.5600000000000	0.0856106014271152
11.5800000000000	0.0835484199796126
11.6000000000000	0.0671111111111111
11.6200000000000	0.0458715596330275
11.6400000000000	0.0328114169215087
11.6600000000000	0.0327604485219164
11.6800000000000	0.0419062181447503
11.7000000000000	0.0499164118246687
11.7200000000000	0.0523292558613660
11.7400000000000	0.0451671763506626
11.7600000000000	0.0302925586136595
11.7800000000000	0.0131416921508665
11.8000000000000	0.00134148827726809
11.8200000000000	-0.00783995922528033
11.8400000000000	-0.0231467889908257
11.8600000000000	-0.0407186544342508
11.8800000000000	-0.0612232415902141
11.9000000000000	-0.0723955147808359
11.9200000000000	-0.0676911314984710
11.9400000000000	-0.0409327217125382
11.9600000000000	-0.0104220183486239
11.9800000000000	0.0147054026503568
12	0.0513659531090724
12.0200000000000	0.0915392456676860
12.0400000000000	0.131323139653415
12.0600000000000	0.157734964322120
12.0800000000000	0.162447502548420
12.1000000000000	0.158990825688073
12.1200000000000	0.162912334352701
12.1400000000000	0.164016309887870
12.1600000000000	0.144047910295617
12.1800000000000	0.102834862385321
12.2000000000000	0.0647808358817533
12.2200000000000	0.0292110091743119
12.2400000000000	-0.0136218144750255
12.2600000000000	-0.0572283384301733
12.2800000000000	-0.0888735983690112
12.3000000000000	-0.110364933741081
12.3200000000000	-0.118355759429154
12.3400000000000	-0.106212028542304
12.3600000000000	-0.0839704383282365
12.3800000000000	-0.0609235474006116
12.4000000000000	-0.0381304791029562
12.4200000000000	-0.0134515800203874
12.4400000000000	0.0173577981651376
12.4600000000000	0.0660458715596330
12.4800000000000	0.125034658511723
12.5000000000000	0.175088685015291
12.5200000000000	0.189270132517839
12.5400000000000	0.179000000000000
12.5600000000000	0.167493374108053
12.5800000000000	0.164981651376147
12.6000000000000	0.151420998980632
12.6200000000000	0.104264016309888
12.6400000000000	0.0510591233435270
12.6600000000000	0.00408053007135576
12.6800000000000	-0.0386819571865443
12.7000000000000	-0.0746687054026504
12.7200000000000	-0.105304791029562
12.7400000000000	-0.137267074413863
12.7600000000000	-0.157926605504587
12.7800000000000	-0.153590214067278
12.8000000000000	-0.125165137614679
12.8200000000000	-0.0761121304791030
12.8400000000000	-0.0254097859327217
12.8600000000000	0.0193098878695209
12.8800000000000	0.0556748216106014
12.9000000000000	0.0836636085626911
12.9200000000000	0.102070336391437
12.9400000000000	0.111518858307849
12.9600000000000	0.0999765545361876
12.9800000000000	0.0674811416921509
13	0.0303445463812436
13.0200000000000	0.00238430173292559
13.0400000000000	-0.0103649337410805
13.0600000000000	-0.0211253822629969
13.0800000000000	-0.0428103975535168
13.1000000000000	-0.0779745158002039
13.1200000000000	-0.119332313965341
13.1400000000000	-0.140219164118247
13.1600000000000	-0.137944954128440
13.1800000000000	-0.129492354740061
13.2000000000000	-0.106097859327217
13.2200000000000	-0.0740540265035678
13.2400000000000	-0.0437828746177370
13.2600000000000	-0.0138501529051988
13.2800000000000	0.0163414882772681
13.3000000000000	0.0534118246687054
13.3200000000000	0.0965341488277268
13.3400000000000	0.139969418960245
13.3600000000000	0.154619775739042
13.3800000000000	0.127177370030581
13.4000000000000	0.0878419979612640
13.4200000000000	0.0460988786952090
13.4400000000000	0.0134913353720693
13.4600000000000	-0.0115902140672783
13.4800000000000	-0.0390438328236493
13.5000000000000	-0.0662884811416921
13.5200000000000	-0.0993659531090724
13.5400000000000	-0.131925586136595
13.5600000000000	-0.141788990825688
13.5800000000000	-0.128061162079511
13.6000000000000	-0.100352701325178
13.6200000000000	-0.0735759429153925
13.6400000000000	-0.0579643221202854
13.6600000000000	-0.0420234454638124
13.6800000000000	-0.0214240570846075
13.7000000000000	-0.00747298674821611
13.7200000000000	-0.00316411824668705
13.7400000000000	-0.00478491335372069
13.7600000000000	-0.00485932721712538
13.7800000000000	-0.000937818552497452
13.8000000000000	-0.00355147808358818
13.8200000000000	-0.0199123343527013
13.8400000000000	-0.0458868501529052
13.8600000000000	-0.0665412844036697
13.8800000000000	-0.0746503567787971
13.9000000000000	-0.0725575942915393
13.9200000000000	-0.0637257900101937
13.9400000000000	-0.0479531090723751
13.9600000000000	-0.0272099898063201
13.9800000000000	-0.00266360856269113
14	0.0289378185524975
14.0200000000000	0.0591783893985729
14.0400000000000	0.0799928644240571
14.0600000000000	0.0891335372069317
14.0800000000000	0.0933058103975535
14.1000000000000	0.0959520897043833
14.1200000000000	0.0897390417940877
14.1400000000000	0.0698491335372069
14.1600000000000	0.0418695208970438
14.1800000000000	0.0139378185524975
14.2000000000000	-0.0143425076452599
14.2200000000000	-0.0505392456676860
14.2400000000000	-0.0866799184505607
14.2600000000000	-0.108149847094801
14.2800000000000	-0.119372069317023
14.3000000000000	-0.124021406727829
14.3200000000000	-0.120895005096840
14.3400000000000	-0.100049949031600
14.3600000000000	-0.0644546381243629
14.3800000000000	-0.0264485219164118
14.4000000000000	0.00594801223241590
14.4200000000000	0.0325229357798165
14.4400000000000	0.0516992864424057
14.4600000000000	0.0597359836901121
14.4800000000000	0.0661182466870540
14.5000000000000	0.0536442405708461
14.5200000000000	0.0184393476044852
14.5400000000000	-0.0110377166156983
14.5600000000000	-0.0319785932721713
14.5800000000000	-0.0501213047910296
14.6000000000000	-0.0734393476044852
14.6200000000000	-0.101614678899083
14.6400000000000	-0.113879714576962
14.6600000000000	-0.101585117227319
14.6800000000000	-0.0733955147808359
14.7000000000000	-0.0424189602446483
14.7200000000000	-0.0170163098878695
14.7400000000000	0.00506422018348624
14.7600000000000	0.0281427115188583
14.7800000000000	0.0579062181447503
14.8000000000000	0.0858083588175331
14.8200000000000	0.100441386340469
14.8400000000000	0.106004077471967
14.8600000000000	0.107872579001019
14.8800000000000	0.100297655453619
14.9000000000000	0.0783343527013252
14.9200000000000	0.0488470948012232
14.9400000000000	0.0254515800203874
14.9600000000000	0.0102099898063201
14.9800000000000	-0.00160142711518858
15	-0.0203139653414883
15.0200000000000	-0.0472232415902141
15.0400000000000	-0.0706931702344546
15.0600000000000	-0.0816839959225280
15.0800000000000	-0.0721671763506626
15.1000000000000	-0.0485677879714577
15.1200000000000	-0.0197553516819572
15.1400000000000	0.00153211009174312
15.1600000000000	0.0213353720693170
15.1800000000000	0.0493914373088685
15.2000000000000	0.0866493374108053
15.2200000000000	0.115255861365953
15.2400000000000	0.118594291539246
15.2600000000000	0.0982640163098879
15.2800000000000	0.0661743119266055
15.3000000000000	0.0374536187563711
15.3200000000000	0.00827115188583079
15.3400000000000	-0.0175086646279307
15.3600000000000	-0.0356809378185525
15.3800000000000	-0.0404729867482161
15.4000000000000	-0.0446483180428135
15.4200000000000	-0.0522568807339450
15.4400000000000	-0.0589582059123344
15.4600000000000	-0.0513323139653415
15.4800000000000	-0.0204087665647299
15.5000000000000	0.0110071355759429
15.5200000000000	0.0349551478083588
15.5400000000000	0.0558634046890928
15.5600000000000	0.0852201834862385
15.5800000000000	0.127228338430173
15.6000000000000	0.161314984709480
15.6200000000000	0.156901121304791
15.6400000000000	0.115946992864424
15.6600000000000	0.0726523955147808
15.6800000000000	0.0380234454638124
15.7000000000000	0.00817737003058104
15.7200000000000	-0.0318511722731906
15.7400000000000	-0.0772528032619776
15.7600000000000	-0.110450560652396
15.7800000000000	-0.131546381243629
15.8000000000000	-0.138815494393476
15.8200000000000	-0.134572884811417
15.8400000000000	-0.116016309887870
15.8600000000000	-0.0825759429153925
15.8800000000000	-0.0424709480122324
15.9000000000000	-0.00980122324159021
15.9200000000000	0.0228562691131499
15.9400000000000	0.0565647298674822
15.9600000000000	0.0868165137614679
15.9800000000000	0.128617737003058
16	0.162319062181448
16.0200000000000	0.165875637104995
16.0400000000000	0.145238532110092
16.0600000000000	0.111426095820591
16.0800000000000	0.0773679918450561
16.1000000000000	0.0495066258919470
16.1200000000000	0.0136126401630989
16.1400000000000	-0.0299215086646279
16.1600000000000	-0.0720265035677880
16.1800000000000	-0.100107033639144
16.2000000000000	-0.107209989806320
16.2200000000000	-0.0992426095820591
16.2400000000000	-0.0762711518858308
16.2600000000000	-0.0498093781855250
16.2800000000000	-0.0260652395514781
16.3000000000000	-0.00409174311926606
16.3200000000000	0.0252181447502548
16.3400000000000	0.0563741080530071
16.3600000000000	0.0874016309887870
16.3800000000000	0.107117227319062
16.4000000000000	0.110550458715596
16.4200000000000	0.106885830784913
16.4400000000000	0.0975137614678899
16.4600000000000	0.0842905198776758
16.4800000000000	0.0571141692150867
16.5000000000000	0.0193221202854230
16.5200000000000	-0.0231447502548420
16.5400000000000	-0.0619949031600408
16.5600000000000	-0.0971681957186544
16.5800000000000	-0.125895005096840
16.6000000000000	-0.140986748216106
16.6200000000000	-0.142185524974516
16.6400000000000	-0.128966360856269
16.6600000000000	-0.110359836901121
16.6800000000000	-0.0845779816513761
16.7000000000000	-0.0555453618756371
16.7200000000000	-0.0246442405708461
16.7400000000000	0.00541182466870540
16.7600000000000	0.0338481141692151
16.7800000000000	0.0700723751274210
16.8000000000000	0.110569826707441
16.8200000000000	0.141226299694190
16.8400000000000	0.139681957186544
16.8600000000000	0.107972477064220
16.8800000000000	0.0670846075433231
16.9000000000000	0.0326870540265036
16.9200000000000	0.00596330275229358
16.9400000000000	-0.0320305810397554
16.9600000000000	-0.0796299694189603
16.9800000000000	-0.132813455657492
17	-0.178212028542304
17.0200000000000	-0.187840978593272
17.0400000000000	-0.163541284403670
17.0600000000000	-0.122764525993884
17.0800000000000	-0.0748236493374108
17.1000000000000	-0.0317910295616718
17.1200000000000	0.00833639143730887
17.1400000000000	0.0446228338430173
17.1600000000000	0.0720805300713558
17.1800000000000	0.0979021406727829
17.2000000000000	0.116984709480122
17.2200000000000	0.122147808358818
17.2400000000000	0.110016309887870
17.2600000000000	0.0810611620795107
17.2800000000000	0.0428032619775739
17.3000000000000	0.0103037716615698
17.3200000000000	-0.0245800203873598
17.3400000000000	-0.0590081549439348
17.3600000000000	-0.0831539245667686
17.3800000000000	-0.114445463812436
17.4000000000000	-0.138120285423038
17.4200000000000	-0.140391437308869
17.4400000000000	-0.130367991845056
17.4600000000000	-0.106176350662589
17.4800000000000	-0.0713679918450561
17.5000000000000	-0.0391569826707441
17.5200000000000	-0.0129367991845056
17.5400000000000	0.0134464831804281
17.5600000000000	0.0425259938837921
17.5800000000000	0.0737400611620795
17.6000000000000	0.0875586136595311
17.6200000000000	0.0815005096839959
17.6400000000000	0.0647206931702345
17.6600000000000	0.0441478083588175
17.6800000000000	0.0210632008154944
17.7000000000000	-0.00359021406727829
17.7200000000000	-0.0271967380224261
17.7400000000000	-0.0458929663608563
17.7600000000000	-0.0599011213047910
17.7800000000000	-0.0727543323139653
17.8000000000000	-0.0792507645259939
17.8200000000000	-0.0744740061162080
17.8400000000000	-0.0526391437308869
17.8600000000000	-0.0279459734964322
17.8800000000000	-0.00947706422018349
17.9000000000000	0.00754332313965342
17.9200000000000	0.0266758409785933
17.9400000000000	0.0419143730886850
17.9600000000000	0.0497624872579001
17.9800000000000	0.0585107033639144
18	0.0637859327217125
18.0200000000000	0.0630703363914373
18.0400000000000	0.0582069317023446
18.0600000000000	0.0545351681957187
18.0800000000000	0.0482038735983690
18.1000000000000	0.0365474006116208
18.1200000000000	0.0161906218144750
18.1400000000000	-0.0111610601427115
18.1600000000000	-0.0317798165137615
18.1800000000000	-0.0396676860346585
18.2000000000000	-0.0301569826707441
18.2200000000000	-0.0214434250764526
18.2400000000000	-0.0217135575942915
18.2600000000000	-0.0132324159021407
18.2800000000000	0.00472884811416922
18.3000000000000	0.0170020387359837
18.3200000000000	0.0311304791029562
18.3400000000000	0.0494373088685015
18.3600000000000	0.0603904179408767
18.3800000000000	0.0625086646279307
18.4000000000000	0.0548022426095821
18.4200000000000	0.0385606523955148
18.4400000000000	0.0212130479102956
18.4600000000000	0.00633129459734964
18.4800000000000	-0.0114627930682977
18.5000000000000	-0.0315524974515800
18.5200000000000	-0.0440020387359837
18.5400000000000	-0.0467624872579001
18.5600000000000	-0.0456136595310907
18.5800000000000	-0.0448695208970438
18.6000000000000	-0.0434250764525994
18.6200000000000	-0.0333720693170234
18.6400000000000	-0.0135310907237513
18.6600000000000	0.00736697247706422
18.6800000000000	0.0235474006116208
18.7000000000000	0.0373149847094801
18.7200000000000	0.0487227319062181
18.7400000000000	0.0568685015290520
18.7600000000000	0.0562385321100917
18.7800000000000	0.0492436289500510
18.8000000000000	0.0383506625891947
18.8200000000000	0.0300091743119266
18.8400000000000	0.0240856269113150
18.8600000000000	0.0207787971457696
18.8800000000000	0.0183537206931702
18.9000000000000	0.0124301732925586
18.9200000000000	0.00463404689092763
18.9400000000000	-0.00329969418960245
18.9600000000000	-0.00641590214067278
18.9800000000000	-0.00483792048929664
19	0.00372782874617737
19.0200000000000	0.0138338430173293
19.0400000000000	0.0222823649337411
19.0600000000000	0.0289449541284404
19.0800000000000	0.0380723751274210
19.1000000000000	0.0473007135575943
19.1200000000000	0.0553098878695209
19.1400000000000	0.0577033639143731
19.1600000000000	0.0546095820591234
19.1800000000000	0.0488103975535168
19.2000000000000	0.0383853211009174
19.2200000000000	0.0237869520897044
19.2400000000000	0.00118348623853211
19.2600000000000	-0.0209317023445464
19.2800000000000	-0.0374964322120285
19.3000000000000	-0.0480907237512742
19.3200000000000	-0.0589286442405708
19.3400000000000	-0.0709714576962283
19.3600000000000	-0.0743190621814475
19.3800000000000	-0.0654933741080530
19.4000000000000	-0.0463078491335372
19.4200000000000	-0.0300030581039755
19.4400000000000	-0.0182966360856269
19.4600000000000	-0.00695107033639144
19.4800000000000	0.00853414882772681
19.5000000000000	0.0250591233435270
19.5200000000000	0.0304230377166157
19.5400000000000	0.0243588175331295
19.5600000000000	0.0138501529051988
19.5800000000000	0.00591641182466871
19.6000000000000	-0.000236493374108053
19.6200000000000	-0.00927420998980632
19.6400000000000	-0.0227920489296636
19.6600000000000	-0.0409918450560652
19.6800000000000	-0.0563139653414883
19.7000000000000	-0.0636442405708461
19.7200000000000	-0.0648939857288481
19.7400000000000	-0.0626676860346585
19.7600000000000	-0.0587094801223242
19.7800000000000	-0.0445586136595311
19.8000000000000	-0.0282150866462793
19.8200000000000	-0.0146972477064220
19.8400000000000	0.00163710499490316
19.8600000000000	0.0199133537206932
19.8800000000000	0.0336534148827727
19.9000000000000	0.0397563710499490
19.9200000000000	0.0370998980632008
19.9400000000000	0.0276819571865443
19.9600000000000	0.0197543323139653
19.9800000000000	0.0119643221202854
20	0.00197349643221203
20.0200000000000	-0.0113924566768603
20.0400000000000	-0.0304118246687054
20.0600000000000	-0.0450366972477064
20.0800000000000	-0.0552201834862385
20.1000000000000	-0.0596941896024465
20.1200000000000	-0.0564740061162080
20.1400000000000	-0.0457043832823649
20.1600000000000	-0.0263710499490316
20.1800000000000	-0.00950968399592253
20.2000000000000	0.00436799184505607
20.2200000000000	0.0161997961264016
20.2400000000000	0.0275688073394495
20.2600000000000	0.0385372069317023
20.2800000000000	0.0465331294597350
20.3000000000000	0.0460020387359837
20.3200000000000	0.0368236493374108
20.3400000000000	0.0239143730886850
20.3600000000000	0.0119745158002039
20.3800000000000	-0.00101121304791030
20.4000000000000	-0.0159520897043833
20.4200000000000	-0.0330336391437309
20.4400000000000	-0.0474230377166157
20.4600000000000	-0.0532344546381244
20.4800000000000	-0.0511977573904179
20.5000000000000	-0.0476839959225280
20.5200000000000	-0.0480387359836901
20.5400000000000	-0.0442905198776758
20.5600000000000	-0.0312772680937819
20.5800000000000	-0.0129102956167176
20.6000000000000	0.00467074413863405
20.6200000000000	0.0216014271151886
20.6400000000000	0.0378909276248726
20.6600000000000	0.0538134556574924
20.6800000000000	0.0595372069317023
20.7000000000000	0.0543129459734964
20.7200000000000	0.0492538226299694
20.7400000000000	0.0451243628950051
20.7600000000000	0.0383445463812436
20.7800000000000	0.0258083588175331
20.8000000000000	0.0112222222222222
20.8200000000000	-0.00221508664627931
20.8400000000000	-0.0106422018348624
20.8600000000000	-0.0138389398572885
20.8800000000000	-0.0135137614678899
20.9000000000000	-0.0100132517838940
20.9200000000000	-0.00337512742099898
20.9400000000000	0.00567787971457696
20.9600000000000	0.0159510703363914
20.9800000000000	0.0257441386340469
21	0.0325168195718654
21.0200000000000	0.0327645259938838
21.0400000000000	0.0263618756371050
21.0600000000000	0.0183608562691132
21.0800000000000	0.0134087665647299
21.1000000000000	0.00928950050968400
21.1200000000000	0.00375433231396534
21.1400000000000	-0.00176554536187564
21.1600000000000	-0.00401223241590214
21.1800000000000	-0.00236187563710500
21.2000000000000	-0.00171457696228338
21.2200000000000	-0.00273700305810398
21.2400000000000	-0.00118858307849134
21.2600000000000	0.00336595310907238
21.2800000000000	0.00640366972477064
21.3000000000000	0.00966666666666667
21.3200000000000	0.00991335372069317
21.3400000000000	0.0112273190621814
21.3600000000000	0.0126901121304791
21.3800000000000	0.00938328236493374
21.4000000000000	0.00769724770642202
21.4200000000000	0.00677064220183486
21.4400000000000	0.00705504587155963
21.4600000000000	0.00327217125382263
21.4800000000000	-0.00302344546381244
21.5000000000000	-0.00845769622833843
21.5200000000000	-0.0121060142711519
21.5400000000000	-0.0137166156982671
21.5600000000000	-0.00806829765545362
21.5800000000000	0.00595718654434251
21.6000000000000	0.0182599388379205
21.6200000000000	0.0296330275229358
21.6400000000000	0.0371416921508665
21.6600000000000	0.0384403669724771
21.6800000000000	0.0361885830784913
21.7000000000000	0.0352018348623853
21.7200000000000	0.0333058103975535
21.7400000000000	0.0301192660550459
21.7600000000000	0.0217166156982671
21.7800000000000	0.00902242609582059
21.8000000000000	-0.00522833843017329
21.8200000000000	-0.0179602446483180
21.8400000000000	-0.0266850152905199
21.8600000000000	-0.0291773700305810
21.8800000000000	-0.0281651376146789
21.9000000000000	-0.0281702344546381
21.9200000000000	-0.0267390417940877
21.9400000000000	-0.0205626911314985
21.9600000000000	-0.00841590214067278
21.9800000000000	0.00187155963302752
22	0.00924260958205912
22.0200000000000	0.0130652395514781
22.0400000000000	0.0184444444444444
22.0600000000000	0.0265290519877676
22.0800000000000	0.0298501529051988
22.1000000000000	0.0273792048929664
22.1200000000000	0.0168878695208970
22.1400000000000	0.00837512742099898
22.1600000000000	0.00252191641182467
22.1800000000000	-0.00545871559633028
22.2000000000000	-0.0143445463812436
22.2200000000000	-0.0247930682976555
22.2400000000000	-0.0317196738022426
22.2600000000000	-0.0367217125382263
22.2800000000000	-0.0413893985728848
22.3000000000000	-0.0460030581039755
22.3200000000000	-0.0478470948012233
22.3400000000000	-0.0449357798165138
22.3600000000000	-0.0362293577981651
22.3800000000000	-0.0259062181447503
22.4000000000000	-0.0168093781855250
22.4200000000000	-0.00917838939857289
22.4400000000000	-0.00124362895005097
22.4600000000000	0.0100163098878695
22.4800000000000	0.0217054026503568
22.5000000000000	0.0324393476044852
22.5200000000000	0.0357074413863405
22.5400000000000	0.0323781855249745
22.5600000000000	0.0248053007135576
22.5800000000000	0.0155127420998981
22.6000000000000	0.00768705402650357
22.6200000000000	-0.00128848114169215
22.6400000000000	-0.0110305810397554
22.6600000000000	-0.0210897043832824
22.6800000000000	-0.0295178389398573
22.7000000000000	-0.0379836901121305
22.7200000000000	-0.0475474006116208
22.7400000000000	-0.0587125382262997
22.7600000000000	-0.0657665647298675
22.7800000000000	-0.0602823649337411
22.8000000000000	-0.0460744138634047
22.8200000000000	-0.0329826707441386
22.8400000000000	-0.0235922528032620
22.8600000000000	-0.0160101936799185
22.8800000000000	-0.00619877675840979
22.9000000000000	0.00724974515800204
22.9200000000000	0.0221916411824669
22.9400000000000	0.0320846075433231
22.9600000000000	0.0356391437308869
22.9800000000000	0.0323058103975535
23	0.0261620795107034
23.0200000000000	0.0184209989806320
23.0400000000000	0.00631906218144750
23.0600000000000	-0.00730173292558614
23.0800000000000	-0.0196462793068298
23.1000000000000	-0.0262181447502548
23.1200000000000	-0.0322619775739042
23.1400000000000	-0.0400662589194699
23.1600000000000	-0.0458481141692151
23.1800000000000	-0.0447706422018349
23.2000000000000	-0.0326340468909276
23.2200000000000	-0.0140550458715596
23.2400000000000	0.000318042813455658
23.2600000000000	0.0136483180428135
23.2800000000000	0.0294597349643221
23.3000000000000	0.0442558613659531
23.3200000000000	0.0556513761467890
23.3400000000000	0.0590866462793068
23.3600000000000	0.0652874617737003
23.3800000000000	0.0672670744138634
23.4000000000000	0.0604525993883792
23.4200000000000	0.0461049949031600
23.4400000000000	0.0314750254841998
23.4600000000000	0.0212405708460754
23.4800000000000	0.0108919469928644
23.5000000000000	0.00265851172273191
23.5200000000000	-0.00834046890927625
23.5400000000000	-0.0184882772680938
23.5600000000000	-0.0227237512742100
23.5800000000000	-0.0226972477064220
23.6000000000000	-0.0223588175331295
23.6200000000000	-0.0148053007135576
23.6400000000000	-0.00190723751274210
23.6600000000000	0.00831702344546381
23.6800000000000	0.0152956167176351
23.7000000000000	0.0221019367991845
23.7200000000000	0.0326493374108053
23.7400000000000	0.0424892966360856
23.7600000000000	0.0433425076452599
23.7800000000000	0.0356738022426096
23.8000000000000	0.0260672782874618
23.8200000000000	0.0161243628950051
23.8400000000000	0.00295922528032620
23.8600000000000	-0.0124097859327217
23.8800000000000	-0.0263333333333333
23.9000000000000	-0.0376911314984710
23.9200000000000	-0.0457155963302752
23.9400000000000	-0.0480886850152905
23.9600000000000	-0.0433496432212029
23.9800000000000	-0.0298042813455657
24	-0.0140499490316004
24.0200000000000	-0.00176962283384302
24.0400000000000	0.00723751274209990
24.0600000000000	0.0135902140672783
24.0800000000000	0.0239989806320082
24.1000000000000	0.0355728848114169
24.1200000000000	0.0410795107033639
24.1400000000000	0.0362996941896024
24.1600000000000	0.0281121304791030
24.1800000000000	0.0212222222222222
24.2000000000000	0.0147094801223242
24.2200000000000	0.00859633027522936
24.2400000000000	0.00131090723751274
24.2600000000000	-0.00714984709480122
24.2800000000000	-0.0171773700305810
24.3000000000000	-0.0255433231396534
24.3200000000000	-0.0305575942915392
24.3400000000000	-0.0318338430173293
24.3600000000000	-0.0309480122324159
24.3800000000000	-0.0280703363914373
24.4000000000000	-0.0229877675840979
24.4200000000000	-0.0151610601427115
24.4400000000000	-0.00609683995922528
24.4600000000000	0.000331294597349643
24.4800000000000	0.00441692150866463
24.5000000000000	0.00600815494393476
24.5200000000000	0.00859836901121305
24.5400000000000	0.0134454638124363
24.5600000000000	0.0173088685015291
24.5800000000000	0.0174525993883792
24.6000000000000	0.0142517838939857
24.6200000000000	0.00883995922528033
24.6400000000000	0.00244240570846075
24.6600000000000	-0.00333333333333333
24.6800000000000	-0.00911213047910296
24.7000000000000	-0.0118501529051988
24.7200000000000	-0.00972579001019368
24.7400000000000	-0.00606523955147808
24.7600000000000	-0.00206320081549439
24.7800000000000	0.00425688073394495
24.8000000000000	0.00982568807339449
24.8200000000000	0.0157166156982671
24.8400000000000	0.0178705402650357
24.8600000000000	0.0175667686034659
24.8800000000000	0.0177920489296636
24.9000000000000	0.0180152905198777
24.9200000000000	0.0143455657492355
24.9400000000000	0.00668909276248726
24.9600000000000	-0.00107441386340469
24.9800000000000	-0.00932517838939857
25	-0.0152089704383282
25.0200000000000	-0.0180112130479103
25.0400000000000	-0.0205392456676860
25.0600000000000	-0.0229989806320082
25.0800000000000	-0.0231997961264016
25.1000000000000	-0.0206299694189602
25.1200000000000	-0.0139959225280326
25.1400000000000	-0.00756371049949032
25.1600000000000	-0.00281957186544343
25.1800000000000	0.00163200815494393
25.2000000000000	0.00567889908256881
25.2200000000000	0.0103628950050968
25.2400000000000	0.0136075433231397
25.2600000000000	0.0137115188583078
25.2800000000000	0.00819979612640163
25.3000000000000	0.00180020387359837
25.3200000000000	-0.00198063200815494
25.3400000000000	-0.00728032619775739
25.3600000000000	-0.0144352701325178
25.3800000000000	-0.0202619775739042
25.4000000000000	-0.0228226299694190
25.4200000000000	-0.0223893985728848
25.4400000000000	-0.0214984709480122
25.4600000000000	-0.0203323139653415
25.4800000000000	-0.0162456676860347
25.5000000000000	-0.0105392456676860
25.5200000000000	-0.00214780835881753
25.5400000000000	0.00546687054026504
25.5600000000000	0.0111957186544343
25.5800000000000	0.0154546381243629
25.6000000000000	0.0191824668705403
25.6200000000000	0.0217930682976555
25.6400000000000	0.0204862385321101
25.6600000000000	0.0149225280326198
25.6800000000000	0.00686646279306830
25.7000000000000	-0.00330173292558614
25.7200000000000	-0.0135708460754332
25.7400000000000	-0.0214750254841998
25.7600000000000	-0.0277064220183486
25.7800000000000	-0.0329082568807340
25.8000000000000	-0.0354495412844037
25.8200000000000	-0.0326330275229358
25.8400000000000	-0.0275749235474006
25.8600000000000	-0.0184954128440367
25.8800000000000	-0.00908154943934761
25.9000000000000	-0.000738022426095821
25.9200000000000	0.00420387359836901
25.9400000000000	0.00963404689092763
25.9600000000000	0.0149633027522936
25.9800000000000	0.0178950050968400
26	0.0180295616717635
26.0200000000000	0.0124046890927625
26.0400000000000	0.00486034658511723
26.0600000000000	-0.00367074413863405
26.0800000000000	-0.00985932721712538
26.1000000000000	-0.0161467889908257
26.1200000000000	-0.0205290519877676
26.1400000000000	-0.0230193679918451
26.1600000000000	-0.0223995922528033
26.1800000000000	-0.0166136595310907
26.2000000000000	-0.00744750254841998
26.2200000000000	0.00202446483180428
26.2400000000000	0.0115891946992864
26.2600000000000	0.0216564729867482
26.2800000000000	0.0296656472986748
26.3000000000000	0.0321732925586137
26.3200000000000	0.0261783893985729
26.3400000000000	0.0173353720693170
26.3600000000000	0.00909174311926606
26.3800000000000	0.000609582059123344
26.4000000000000	-0.00674617737003058
26.4200000000000	-0.0143537206931702
26.4400000000000	-0.0208185524974516
26.4600000000000	-0.0234159021406728
26.4800000000000	-0.0246014271151886
26.5000000000000	-0.0211233435270133
26.5200000000000	-0.0119041794087666
26.5400000000000	0.000254841997961264
26.5600000000000	0.0106371049949032
26.5800000000000	0.0192089704383282
26.6000000000000	0.0270733944954128
26.6200000000000	0.0350519877675841
26.6400000000000	0.0407798165137615
26.6600000000000	0.0433669724770642
26.6800000000000	0.0397961264016310
26.7000000000000	0.0291274209989806
26.7200000000000	0.0181447502548420
26.7400000000000	0.00697451580020387
26.7600000000000	-0.00692456676860347
26.7800000000000	-0.0233445463812436
26.8000000000000	-0.0376228338430173
26.8200000000000	-0.0469745158002039
26.8400000000000	-0.0496707441386340
26.8600000000000	-0.0468878695208970
26.8800000000000	-0.0374424057084608
26.9000000000000	-0.0221896024464832
26.9200000000000	-0.00499184505606524
26.9400000000000	0.0119357798165138
26.9600000000000	0.0282477064220183
26.9800000000000	0.0462599388379205
27	0.0601651376146789
27.0200000000000	0.0694179408766565
27.0400000000000	0.0702089704383282
27.0600000000000	0.0632089704383282
27.0800000000000	0.0535076452599388
27.1000000000000	0.0385983690112131
27.1200000000000	0.0237298674821611
27.1400000000000	0.0102201834862385
27.1600000000000	-0.00157900101936799
27.1800000000000	-0.0130937818552497
27.2000000000000	-0.0230703363914373
27.2200000000000	-0.0283323139653415
27.2400000000000	-0.0281213047910296
27.2600000000000	-0.0240254841997961
27.2800000000000	-0.0185208970438328
27.3000000000000	-0.0104434250764526
27.3200000000000	-0.000661569826707441
27.3400000000000	0.00843017329255861
27.3600000000000	0.0193893985728848
27.3800000000000	0.0308980632008155
27.4000000000000	0.0395474006116208
27.4200000000000	0.0452283384301733
27.4400000000000	0.0438328236493374
27.4600000000000	0.0375259938837921
27.4800000000000	0.0258960244648318
27.5000000000000	0.0127512742099898
27.5200000000000	0.00144342507645260
27.5400000000000	-0.0101498470948012
27.5600000000000	-0.0216758409785933
27.5800000000000	-0.0327206931702345
27.6000000000000	-0.0394719673802243
27.6200000000000	-0.0413720693170235
27.6400000000000	-0.0398379204892966
27.6600000000000	-0.0337206931702345
27.6800000000000	-0.0230295616717635
27.7000000000000	-0.0110020387359837
27.7200000000000	0.000372069317023445
27.7400000000000	0.0127237512742100
27.7600000000000	0.0264454638124363
27.7800000000000	0.0362048929663609
27.8000000000000	0.0441039755351682
27.8200000000000	0.0463832823649337
27.8400000000000	0.0407665647298675
27.8600000000000	0.0334852191641182
27.8800000000000	0.0249531090723751
27.9000000000000	0.0136381243628950
27.9200000000000	0.000430173292558614
27.9400000000000	-0.0123873598369011
27.9600000000000	-0.0211855249745158
27.9800000000000	-0.0267420998980632
28	-0.0289011213047910
28.0200000000000	-0.0262059123343527
28.0400000000000	-0.0225739041794088
28.0600000000000	-0.0164627930682977
28.0800000000000	-0.00749439347604485
28.1000000000000	0.000370030581039755
28.1200000000000	0.00517227319062181
28.1400000000000	0.00779408766564730
28.1600000000000	0.00905402650356779
28.1800000000000	0.00803261977573904
28.2000000000000	0.00441997961264016
28.2200000000000	-0.00199082568807339
28.2400000000000	-0.00896126401630989
28.2600000000000	-0.0159561671763507
28.2800000000000	-0.0222161060142712
28.3000000000000	-0.0279041794087666
28.3200000000000	-0.0350937818552497
28.3400000000000	-0.0398256880733945
28.3600000000000	-0.0408012232415902
28.3800000000000	-0.0378318042813456
28.4000000000000	-0.0314138634046891
28.4200000000000	-0.0255677879714577
28.4400000000000	-0.0209102956167176
28.4600000000000	-0.0152884811416922
28.4800000000000	-0.00926707441386340
28.5000000000000	-0.00478389398572885
28.5200000000000	-0.000834862385321101
28.5400000000000	-0.000367991845056065
28.5600000000000	-0.00398878695208970
28.5800000000000	-0.00933944954128440
28.6000000000000	-0.0155474006116208
28.6200000000000	-0.0205963302752294
28.6400000000000	-0.0233343527013252
28.6600000000000	-0.0255290519877676
28.6800000000000	-0.0264108053007136
28.7000000000000	-0.0249204892966361
28.7200000000000	-0.0218746177370031
28.7400000000000	-0.0182140672782875
28.7600000000000	-0.0153241590214067
28.7800000000000	-0.0130856269113150
28.8000000000000	-0.0103730886850153
28.8200000000000	-0.00848521916411825
28.8400000000000	-0.00883486238532110
28.8600000000000	-0.0112915392456677
28.8800000000000	-0.0142762487257900
28.9000000000000	-0.0142945973496432
28.9200000000000	-0.0146503567787971
28.9400000000000	-0.0145535168195719
28.9600000000000	-0.0145677879714577
28.9800000000000	-0.0119571865443425
29	-0.00711518858307849
29.0200000000000	-0.00316819571865443
29.0400000000000	0.000363914373088685
29.0600000000000	0.00372680937818553
29.0800000000000	0.00575535168195719
29.1000000000000	0.00733741080530071
29.1200000000000	0.00898572884811417
29.1400000000000	0.0100509683995923
29.1600000000000	0.0122303771661570
29.1800000000000	0.0119092762487258
29.2000000000000	0.0120377166156983
29.2200000000000	0.0135259938837920
29.2400000000000	0.0165810397553517
29.2600000000000	0.0206839959225280
29.2800000000000	0.0242130479102956
29.3000000000000	0.0264128440366973
29.3200000000000	0.0271314984709480
29.3400000000000	0.0290346585117227
29.3600000000000	0.0329469928644241
29.3800000000000	0.0356422018348624
29.4000000000000	0.0338644240570846
29.4200000000000	0.0297563710499490
29.4400000000000	0.0254750254841998
29.4600000000000	0.0223241590214067
29.4800000000000	0.0198501529051988
29.5000000000000	0.0175025484199796
29.5200000000000	0.0125443425076453
29.5400000000000	0.00614067278287462
29.5600000000000	-0.000339449541284404
29.5800000000000	-0.00639551478083588
29.6000000000000	-0.0106207951070336
29.6200000000000	-0.0131926605504587
29.6400000000000	-0.0132905198776758
29.6600000000000	-0.0112191641182467
29.6800000000000	-0.00922731906218145
29.7000000000000	-0.00513761467889908
29.7200000000000	-0.000217125382262997
29.7400000000000	0.00466870540265036
29.7600000000000	0.00984709480122324
29.7800000000000	0.0150152905198777
29.8000000000000	0.0186646279306830
29.8200000000000	0.0190917431192661
29.8400000000000	0.0180173292558614
29.8600000000000	0.0155728848114169
29.8800000000000	0.0135270132517839
29.9000000000000	0.00929255861365953
29.9200000000000	0.00408053007135576
29.9400000000000	-0.00210907237512742
29.9600000000000	-0.00613455657492355
29.9800000000000	-0.00847808358817533
30	-0.0101131498470948
30.0200000000000	-0.0104424057084608
30.0400000000000	-0.0130978593272171
30.0600000000000	-0.0117563710499490
30.0800000000000	-0.00613047910295617
30.1000000000000	-0.00103975535168196
30.1200000000000	0.00313557594291539
30.1400000000000	0.00646992864424057
30.1600000000000	0.00941386340468909
30.1800000000000	0.0114872579001019
30.2000000000000	0.0157380224260958
30.2200000000000	0.0186442405708461
30.2400000000000	0.0204841997961264
30.2600000000000	0.0202059123343527
30.2800000000000	0.0147176350662589
30.3000000000000	0.00936289500509684
30.3200000000000	0.00552089704383282
30.3400000000000	0.00246279306829766
30.3600000000000	-0.00144852191641182
30.3800000000000	-0.00704281345565749
30.4000000000000	-0.0131712538226300
30.4200000000000	-0.0161906218144750
30.4400000000000	-0.0185718654434251
30.4600000000000	-0.0181223241590214
30.4800000000000	-0.0150295616717635
30.5000000000000	-0.0100591233435270
30.5200000000000	-0.00279102956167176
30.5400000000000	0.00315392456676860
30.5600000000000	0.00938634046890928
30.5800000000000	0.0153109072375127
30.6000000000000	0.0215086646279307
30.6200000000000	0.0265280326197757
30.6400000000000	0.0299327217125382
30.6600000000000	0.0312456676860347
30.6800000000000	0.0304026503567788
30.7000000000000	0.0260234454638124
30.7200000000000	0.0182925586136595
30.7400000000000	0.0105076452599388
30.7600000000000	0.00321100917431193
30.7800000000000	-0.00265749235474006
30.8000000000000	-0.00843017329255861
30.8200000000000	-0.0148103975535168
30.8400000000000	-0.0197838939857289
30.8600000000000	-0.0244169215086646
30.8800000000000	-0.0264994903160041
30.9000000000000	-0.0240897043832824
30.9200000000000	-0.0197268093781855
30.9400000000000	-0.0128776758409786
30.9600000000000	-0.00759225280326198
30.9800000000000	-0.00340570846075433
31	0.000423037716615698
31.0200000000000	0.00387869520897044
31.0400000000000	0.00559836901121305
31.0600000000000	0.00581243628950051
31.0800000000000	0.00451580020387360
31.1000000000000	0.000948012232415902
31.1200000000000	-0.00292150866462793
31.1400000000000	-0.00723853211009174
31.1600000000000	-0.0132079510703364
31.1800000000000	-0.0209266055045872
31.2000000000000	-0.0269704383282365
31.2200000000000	-0.0294057084607543
31.2400000000000	-0.0279459734964322
31.2600000000000	-0.0238328236493374
31.2800000000000	-0.0176065239551478
31.3000000000000	-0.0106472986748216
31.3200000000000	-0.00609683995922528
31.3400000000000	-0.00343934760448522
31.3600000000000	-0.000321100917431193
31.3800000000000	0.00232313965341488
31.4000000000000	0.00275840978593272
31.4200000000000	0.00263200815494393
31.4400000000000	0.000972477064220183
31.4600000000000	-0.00261365953109072
31.4800000000000	-0.00565749235474006
31.5000000000000	-0.00791641182466871
31.5200000000000	-0.00881447502548420
31.5400000000000	-0.00871967380224261
31.5600000000000	-0.00868297655453619
31.5800000000000	-0.00865137614678899
31.6000000000000	-0.00860346585117227
31.6200000000000	-0.00865443425076453
31.6400000000000	-0.00843832823649338
31.6600000000000	-0.00868297655453619
31.6800000000000	-0.00828032619775739
31.7000000000000	-0.0100601427115189
31.7200000000000	-0.0116371049949032
31.7400000000000	-0.0113639143730887
31.7600000000000	-0.0114393476044852
31.7800000000000	-0.0115443425076453
31.8000000000000	-0.0107186544342508
31.8200000000000	-0.00839347604485219
31.8400000000000	-0.00864016309887870
31.8600000000000	-0.00858511722731906
31.8800000000000	-0.00688685015290520
31.9000000000000	-0.00419673802242610
31.9200000000000	-0.00237920489296636
31.9400000000000	-0.000228338430173293
31.9600000000000	-0.000944954128440367
31.9800000000000	-0.00307033639143731
32	-0.000738022426095821
32.0200000000000	0.000437308868501529
32.0400000000000	0.00370438328236493
32.0600000000000	0.00655963302752294
32.0800000000000	0.00946279306829766
32.1000000000000	0.0134576962283384
32.1200000000000	0.0178634046890928
32.1400000000000	0.0219836901121305
32.1600000000000	0.0243445463812436
32.1800000000000	0.0258185524974516
32.2000000000000	0.0252283384301733
32.2200000000000	0.0224984709480122
32.2400000000000	0.0166422018348624
32.2600000000000	0.0110856269113150
32.2800000000000	0.00447604485219164
32.3000000000000	-0.00312640163098879
32.3200000000000	-0.00984913353720693
32.3400000000000	-0.0147798165137615
32.3600000000000	-0.0158899082568807
32.3800000000000	-0.0155606523955148
32.4000000000000	-0.0121202854230377
32.4200000000000	-0.00694597349643221
32.4400000000000	-1.01936799184506e-06
32.4600000000000	0.00656269113149847
32.4800000000000	0.0133761467889908
32.5000000000000	0.0214760448521916
32.5200000000000	0.0293873598369011
32.5400000000000	0.0354352701325178
32.5600000000000	0.0368277268093782
32.5800000000000	0.0355015290519878
32.6000000000000	0.0314658511722732
32.6200000000000	0.0264587155963303
32.6400000000000	0.0197390417940877
32.6600000000000	0.0125158002038736
32.6800000000000	0.00664831804281346
32.7000000000000	0.00206116207951070
32.7200000000000	-0.00204587155963303
32.7400000000000	-0.00706523955147808
32.7600000000000	-0.0113088685015291
32.7800000000000	-0.0147339449541284
32.8000000000000	-0.0151049949031600
32.8200000000000	-0.0128501529051988
32.8400000000000	-0.00884097859327217
32.8600000000000	-0.00269724770642202
32.8800000000000	0.00307441386340469
32.9000000000000	0.00883384301732926
32.9200000000000	0.0124403669724771
32.9400000000000	0.0155198776758410
32.9600000000000	0.0144913353720693
32.9800000000000	0.0110876656472987
33	0.00676656472986748
33.0200000000000	0.00181855249745158
33.0400000000000	-0.00404485219164118
33.0600000000000	-0.0121865443425076
33.0800000000000	-0.0197879714576962
33.1000000000000	-0.0259123343527013
33.1200000000000	-0.0282813455657492
33.1400000000000	-0.0278929663608563
33.1600000000000	-0.0253944954128440
33.1800000000000	-0.0211437308868502
33.2000000000000	-0.0174964322120285
33.2200000000000	-0.0131590214067278
33.2400000000000	-0.00942711518858308
33.2600000000000	-0.00624770642201835
33.2800000000000	-0.00311620795107034
33.3000000000000	-0.000236493374108053
33.3200000000000	0.00151783893985729
33.3400000000000	0.00166360856269113
33.3600000000000	0.000498470948012232
33.3800000000000	-0.00170540265035678
33.4000000000000	-0.00340265035677880
33.4200000000000	-0.00612538226299694
33.4400000000000	-0.00723751274209990
33.4600000000000	-0.00703567787971458
33.4800000000000	-0.00710397553516820
33.5000000000000	-0.00494495412844037
33.5200000000000	-0.00161977573904179
33.5400000000000	0.00141692150866463
33.5600000000000	0.00395208970438328
33.5800000000000	0.00459327217125382
33.6000000000000	0.00678593272171254
33.6200000000000	0.00762079510703364
33.6400000000000	0.00900000000000000
33.6600000000000	0.0105545361875637
33.6800000000000	0.00905504587155963
33.7000000000000	0.00769418960244648
33.7200000000000	0.00750152905198777
33.7400000000000	0.00722833843017329
33.7600000000000	0.00774515800203874
33.7800000000000	0.00597349643221203
33.8000000000000	0.00451172273190622
33.8200000000000	0.00301325178389399
33.8400000000000	0.00149133537206932
33.8600000000000	0.00151478083588175
33.8800000000000	0.00205096839959225
33.9000000000000	0.00418654434250765
33.9200000000000	0.00636391437308869
33.9400000000000	0.00741590214067278
33.9600000000000	0.00872782874617737
33.9800000000000	0.0105229357798165
34	0.0121233435270133
34.0200000000000	0.0134485219164118
34.0400000000000	0.0129235474006116
34.0600000000000	0.0132405708460754
34.0800000000000	0.0108491335372069
34.1000000000000	0.00821508664627931
34.1200000000000	0.00334658511722732
34.1400000000000	-0.00255861365953109
34.1600000000000	-0.00845361875637105
34.1800000000000	-0.0127951070336391
34.2000000000000	-0.0146656472986748
34.2200000000000	-0.0167533129459735
34.2400000000000	-0.0153873598369011
34.2600000000000	-0.0136391437308869
34.2800000000000	-0.0114424057084608
34.3000000000000	-0.00771151885830785
34.3200000000000	-0.00402752293577982
34.3400000000000	-0.000702344546381244
34.3600000000000	0.00342201834862385
34.3800000000000	0.00754638124362895
34.4000000000000	0.0125158002038736
34.4200000000000	0.0155259938837920
34.4400000000000	0.0151722731906218
34.4600000000000	0.0128318042813456
34.4800000000000	0.00950662589194699
34.5000000000000	0.00559836901121305
34.5200000000000	0.000282364933741081
34.5400000000000	-0.00485423037716616
34.5600000000000	-0.0100010193679918
34.5800000000000	-0.0139796126401631
34.6000000000000	-0.0181916411824669
34.6200000000000	-0.0222884811416922
34.6400000000000	-0.0252059123343527
34.6600000000000	-0.0235891946992864
34.6800000000000	-0.0201518858307849
34.7000000000000	-0.0145453618756371
34.7200000000000	-0.00859938837920489
34.7400000000000	-0.00433027522935780
34.7600000000000	0.000683995922528033
34.7800000000000	0.00481039755351682
34.8000000000000	0.00805606523955148
34.8200000000000	0.00911009174311927
34.8400000000000	0.00768399592252803
34.8600000000000	0.00398369011213048
34.8800000000000	-0.000496432212028542
34.9000000000000	-0.00637920489296636
34.9200000000000	-0.0111834862385321
34.9400000000000	-0.0149194699286442
34.9600000000000	-0.0193975535168196
34.9800000000000	-0.0235015290519878
35	-0.0261885830784913
35.0200000000000	-0.0244352701325178
35.0400000000000	-0.0181498470948012
35.0600000000000	-0.0114301732925586
35.0800000000000	-0.00630682976554536
35.1000000000000	-0.000508664627930683
35.1200000000000	0.00540876656472987
35.1400000000000	0.0101355759429154
35.1600000000000	0.0135922528032620
35.1800000000000	0.0174393476044852
35.2000000000000	0.0213995922528033
35.2200000000000	0.0239164118246687
35.2400000000000	0.0253139653414883
35.2600000000000	0.0226605504587156
35.2800000000000	0.0184760448521916
35.3000000000000	0.0151620795107034
35.3200000000000	0.0120876656472987
35.3400000000000	0.00914780835881753
35.3600000000000	0.00558817533129460
35.3800000000000	0.00344852191641183
35.4000000000000	0.00361264016309888
35.4200000000000	0.00342099898063201
35.4400000000000	0.00422222222222222
35.4600000000000	0.00673700305810398
35.4800000000000	0.00930275229357798
35.5000000000000	0.0131620795107034
35.5200000000000	0.0163567787971458
35.5400000000000	0.0186136595310907
35.5600000000000	0.0193343527013252
35.5800000000000	0.0187257900101937
35.6000000000000	0.0167482161060143
35.6200000000000	0.0137349643221203
35.6400000000000	0.0102099898063201
35.6600000000000	0.00535779816513762
35.6800000000000	0.000146788990825688
35.7000000000000	-0.00511416921508665
35.7200000000000	-0.00858817533129460
35.7400000000000	-0.0126309887869521
35.7600000000000	-0.0154831804281346
35.7800000000000	-0.0156340468909276
35.8000000000000	-0.0129113149847095
35.8200000000000	-0.00658511722731906
35.8400000000000	-0.00125280326197757
35.8600000000000	0.00275840978593272
35.8800000000000	0.00633537206931702
35.9000000000000	0.00848623853211009
35.9200000000000	0.0101814475025484
35.9400000000000	0.00934964322120285
35.9600000000000	0.00884811416921509
35.9800000000000	0.00627828746177370
36	0.00142711518858308
36.0200000000000	-0.00416921508664628
36.0400000000000	-0.00981753312945973
36.0600000000000	-0.0146044852191641
36.0800000000000	-0.0187726809378186
36.1000000000000	-0.0215932721712538
36.1200000000000	-0.0233068297655454
36.1400000000000	-0.0231274209989806
36.1600000000000	-0.0215219164118247
36.1800000000000	-0.0168654434250765
36.2000000000000	-0.0117400611620795
36.2200000000000	-0.00654434250764526
36.2400000000000	-0.00281039755351682
36.2600000000000	-0.000100917431192661
36.2800000000000	0.00142303771661570
36.3000000000000	0.00327420998980632
36.3200000000000	0.00194087665647299
36.3400000000000	0.000361875637104995
36.3600000000000	-0.00127013251783894
36.3800000000000	-0.00537614678899083
36.4000000000000	-0.00837512742099898
36.4200000000000	-0.0112742099898063
36.4400000000000	-0.0135341488277268
36.4600000000000	-0.0140173292558614
36.4800000000000	-0.0137492354740061
36.5000000000000	-0.0142038735983690
36.5200000000000	-0.0148216106014271
36.5400000000000	-0.0150101936799185
36.5600000000000	-0.0122008154943935
36.5800000000000	-0.00813353720693170
36.6000000000000	-0.00504587155963303
36.6200000000000	-0.00251580020387360
36.6400000000000	-0.00229153924566769
36.6600000000000	-0.00229459734964322
36.6800000000000	-0.00217737003058104
36.7000000000000	-0.00207747196738022
36.7200000000000	-0.00188277268093782
36.7400000000000	-0.00178695208970438
36.7600000000000	-0.00170540265035678
36.7800000000000	-0.00356167176350663
36.8000000000000	-0.00367991845056065
36.8200000000000	-0.00220693170234455
36.8400000000000	-0.000968399592252803
36.8600000000000	0.000221202854230377
36.8800000000000	0.00318552497451580
36.9000000000000	0.00595514780835882
36.9200000000000	0.00816513761467890
36.9400000000000	0.00939857288481142
36.9600000000000	0.00779918450560652
36.9800000000000	0.00685219164118247
37	0.00578797145769623
37.0200000000000	0.00373394495412844
37.0400000000000	0.00399898063200816
37.0600000000000	0.00288481141692151
37.0800000000000	0.000933741080530071
37.1000000000000	0.000720693170234455
37.1200000000000	9.68399592252803e-05
37.1400000000000	0.00199592252803262
37.1600000000000	0.00497655453618756
37.1800000000000	0.00716717635066259
37.2000000000000	0.00854638124362895
37.2200000000000	0.00869418960244648
37.2400000000000	0.00950764525993884
37.2600000000000	0.00951987767584098
37.2800000000000	0.00696126401630989
37.3000000000000	0.00363812436289501
37.3200000000000	-0.000448521916411825
37.3400000000000	-0.00215902140672783
37.3600000000000	-0.00295616717635066
37.3800000000000	-0.00437614678899083
37.4000000000000	-0.00489194699286443
37.4200000000000	-0.00483282364933741
37.4400000000000	-0.00486952089704383
37.4600000000000	-0.00470744138634047
37.4800000000000	-0.00277777777777778
37.5000000000000	-0.000644240570846075
37.5200000000000	0.00239041794087666
37.5400000000000	0.00583893985728848
37.5600000000000	0.00777064220183486
37.5800000000000	0.00968093781855250
37.6000000000000	0.00961569826707441
37.6200000000000	0.0108664627930683
37.6400000000000	0.0128124362895005
37.6600000000000	0.0150499490316004
37.6800000000000	0.0154566768603466
37.7000000000000	0.0133577981651376
37.7200000000000	0.0102803261977574
37.7400000000000	0.00699082568807339
37.7600000000000	0.00384199796126402
37.7800000000000	0.00140672782874618
37.8000000000000	-9.98980632008155e-05
37.8200000000000	-0.00100305810397554
37.8400000000000	0.000806320081549439
37.8600000000000	0.00263302752293578
37.8800000000000	0.00629459734964322
37.9000000000000	0.00929051987767584
37.9200000000000	0.0135810397553517
37.9400000000000	0.0172487257900102
37.9600000000000	0.0200377166156983
37.9800000000000	0.0214750254841998
38	0.0215351681957187
38.0200000000000	0.0226534148827727
38.0400000000000	0.0208287461773700
38.0600000000000	0.0168012232415902
38.0800000000000	0.0110978593272171
38.1000000000000	0.00535474006116208
38.1200000000000	0.00129561671763507
38.1400000000000	-0.00239041794087666
38.1600000000000	-0.00514984709480122
38.1800000000000	-0.00615188583078491
38.2000000000000	-0.00378185524974516
38.2200000000000	0.000380224260958206
38.2400000000000	0.00515698267074414
38.2600000000000	0.00983078491335372
38.2800000000000	0.0137237512742100
38.3000000000000	0.0176982670744139
38.3200000000000	0.0198379204892966
38.3400000000000	0.0188053007135576
38.3600000000000	0.0146136595310907
38.3800000000000	0.00844240570846075
38.4000000000000	0.00269011213047910
38.4200000000000	-0.00391743119266055
38.4400000000000	-0.0104434250764526
38.4600000000000	-0.0157308868501529
38.4800000000000	-0.0205137614678899
38.5000000000000	-0.0226503567787971
38.5200000000000	-0.0227900101936799
38.5400000000000	-0.0211804281345566
38.5600000000000	-0.0178888888888889
38.5800000000000	-0.0129633027522936
38.6000000000000	-0.00730886850152905
38.6200000000000	-0.00254740061162080
38.6400000000000	0.00188685015290520
38.6600000000000	0.00519062181447503
38.6800000000000	0.00720285423037717
38.7000000000000	0.00675433231396534
38.7200000000000	0.00395718654434251
38.7400000000000	-0.000732925586136595
38.7600000000000	-0.00554943934760449
38.7800000000000	-0.0101508664627931
38.8000000000000	-0.0135637104994903
38.8200000000000	-0.0163241590214067
38.8400000000000	-0.0197176350662589
38.8600000000000	-0.0218950050968400
38.8800000000000	-0.0215871559633028
38.9000000000000	-0.0188032619775739
38.9200000000000	-0.0151529051987768
38.9400000000000	-0.0112120285423038
38.9600000000000	-0.00812436289500510
38.9800000000000	-0.00551172273190622
39	-0.00298674821610601
39.0200000000000	0.000251783893985729
39.0400000000000	0.00263812436289501
39.0600000000000	0.00319877675840979
39.0800000000000	0.00205810397553517
39.1000000000000	0.00103160040774720
39.1200000000000	0.00128032619775739
39.1400000000000	-0.000172273190621815
39.1600000000000	-0.00228848114169215
39.1800000000000	-0.00517227319062181
39.2000000000000	-0.00750458715596330
39.2200000000000	-0.00937003058103976
39.2400000000000	-0.0114729867482161
39.2600000000000	-0.0120693170234455
39.2800000000000	-0.0115769622833843
39.3000000000000	-0.00936085626911315
39.3200000000000	-0.00684199796126402
39.3400000000000	-0.00281855249745158
39.3600000000000	0.00182466870540265
39.3800000000000	0.00569928644240571
39.4000000000000	0.00934046890927625
39.4200000000000	0.0110733944954128
39.4400000000000	0.0119469928644241
39.4600000000000	0.0111314984709480
39.4800000000000	0.00843832823649338
39.5000000000000	0.00464016309887869
39.5200000000000	0.000571865443425077
39.5400000000000	-0.00246177370030581
39.5600000000000	-0.00438430173292559
39.5800000000000	-0.00591437308868502
39.6000000000000	-0.00534556574923547
39.6200000000000	-0.00366768603465851
39.6400000000000	-0.00122120285423038
39.6600000000000	0.000871559633027523
39.6800000000000	0.00293883792048930
39.7000000000000	0.00438022426095821
39.7200000000000	0.00416921508664628
39.7400000000000	0.00430988786952090
39.7600000000000	0.00418552497451580
39.7800000000000	0.00229969418960245
39.8000000000000	0.00130581039755352
39.8200000000000	0.000951070336391437
39.8400000000000	-0.000408766564729868
39.8600000000000	0.000435270132517839
39.8800000000000	0.00152599388379205
39.9000000000000	0.00363812436289501
39.9200000000000	0.00438328236493374
39.9400000000000	0.00418756371049949
39.9600000000000	0.00428950050968400
39.9800000000000	0.00408460754332314
40	0.00329357798165138