0,0.00259646605468496
0.01,0.00870419772108833
0.02,0.0143098439198272
0.03,0.0198559448245117
0.04,0.0275957027501779
0.05,0.035419192008209
0.06,0.0396270063443158
0.07,0.0370038186747661
0.08,0.0303391776080037
0.09,0.0242316324794659
0.1,0.0186577547134346
0.11,0.0147087994135665
0.12,0.0121384493359155
0.13,0.00794409235778081
0.14,0.00346535117201514
0.15,0.00169210935444894
0.16,0.00232832511380801
0.17,0.0033191793413473
0.18,0.00603046781010457
0.19,0.0111114223608226
0.2,0.0138702339102549
0.21,0.0132519422167862
0.22,0.0108104485742653
0.23,0.00689946027735472
0.24,0.00343661474280078
0.25,0.00196954888740413
0.26,0.00194708833566854
0.27,0.00227536311559679
0.28,0.00335461445209381
0.29,0.00432451925175039
0.3,0.00343902437140512
0.31,0.00166938056575918
0.32,0.000881477755415562
0.33,0.00105109630881883
0.34,0.000107599432181043
0.35,-0.00234543765763798
0.36,-0.00417098272984954
0.37,-0.00440142781367661
0.38,-0.00384175733700027
0.39,-0.00310333429515079
0.4,-0.00211518935043691
0.41,-0.000939594700451658
0.42,-0.000911650820523032
0.43,-0.00144528315286981
0.44,-0.000112136057043664
0.45,0.000866635371192245
0.46,-0.000160366204456396
0.47,-0.000188142983334896
0.48,0.00116077773850762
0.49,0.000486659660453707
0.5,-0.00254414878028412
0.51,-0.00495960629717789
0.52,-0.0060843516883514
0.53,-0.00717307872362125
0.54,-0.00811374438668155
0.55,-0.00729487602503721
0.56,-0.00502882066173017
0.57,-0.00279377694773599
0.58,-0.00171291330667192
0.59,-0.00268056838549362
0.6,-0.00410821793087925
0.61,-0.00556544290907217
0.62,-0.00776412279301694
0.63,-0.0100518301901372
0.64,-0.0112381979582817
0.65,-0.0108284538518547
0.66,-0.0103387148534771
0.67,-0.0101421161213796
0.68,-0.00899301934185411
0.69,-0.00703770712683143
0.7,-0.00573829241198881
0.71,-0.00493055272512487
0.72,-0.00366934419957361
0.73,-0.00250617688875926
0.74,-0.00338021050170913
0.75,-0.00594526771880772
0.76,-0.00803508452427328
0.77,-0.00892997141980647
0.78,-0.00741702591588913
0.79,-0.00515417687854423
0.8,-0.00490403314831163
0.81,-0.00580697967505764
0.82,-0.00777343796136511
0.83,-0.0103667651576441
0.84,-0.0114599953730264
0.85,-0.0107780090151113
0.86,-0.0103747705045422
0.87,-0.0123399187622868
0.88,-0.0134556023048285
0.89,-0.0104575877267484
0.9,-0.00724196854985743
0.91,-0.00544746735816632
0.92,-0.0036554015637154
0.93,-0.00410692768548883
0.94,-0.00740694245262323
0.95,-0.0101149381443003
0.96,-0.0103209275737198
0.97,-0.00931859273094663
0.98,-0.00811981864264339
0.99,-0.00659936004179327
1,-0.00532290957715901
1.01,-0.00491617971450751
1.02,-0.00476309547214362
1.03,-0.00423520329268576
1.04,-0.00294827939943137
1.05,-0.000573343699476636
1.06,0.00137163759895275
1.07,0.000776546260811248
1.08,-0.00325297598205891
1.09,-0.00823879244843167
1.1,-0.0103657943725964
1.11,-0.00900596045904809
1.12,-0.00549343157342081
1.13,-0.00193760721855384
1.14,0.00128804891465302
1.15,0.00405515569263289
1.16,0.00663824205517239
1.17,0.0100015855691775
1.18,0.012615348366182
1.19,0.0137069968067494
1.2,0.0132834102550301
1.21,0.0120840984150269
1.22,0.0120373631615134
1.23,0.0129138967707029
1.24,0.0126407230954165
1.25,0.0124596843321077
1.26,0.0138893847052869
1.27,0.0124249493398159
1.28,0.005237357068583
1.29,-0.00451534323875034
1.3,-0.0146531415440197
1.31,-0.0258962723632449
1.32,-0.0388598351743361
1.33,-0.0554528346326706
1.34,-0.0776069142914171
1.35,-0.103971027535903
1.36,-0.134445353344275
1.37,-0.173033297359931
1.38,-0.222298455292503
1.39,-0.282128304340349
1.4,-0.351830548553998
1.41,-0.428000167615272
1.42,-0.507279643083638
1.43,-0.58907426981838
1.44,-0.673092922481015
1.45,-0.75659947872382
1.46,-0.834121126932811
1.47,-0.900492912956629
1.48,-0.95039644693783
1.49,-0.977865555561598
1.5,-0.979187891458625
1.51,-0.952414356975561
1.52,-0.897188784093415
1.53,-0.8167438380605
1.54,-0.713366168117417
1.55,-0.58507826012498
1.56,-0.429356794071468
1.57,-0.250593268387932
1.58,-0.0702926294088167
1.59,0.0924450367140177
1.6,0.245735975001276
1.61,0.404855275132601
1.62,0.571219030084987
1.63,0.735816195463514
1.64,0.884864288973391
1.65,1.00619822701999
1.66,1.09263793382722
1.67,1.13842218637912
1.68,1.13927534008659
1.69,1.09478994556786
1.7,1.00726009376432
1.71,0.878748376591622
1.72,0.710600961625053
1.73,0.516318115141675
1.74,0.319603891702058
1.75,0.123558533411223
1.76,-0.086644787875248
1.77,-0.317643903765669
1.78,-0.566156063354673
1.79,-0.820629069896609
1.8,-1.06627138448045
1.81,-1.29233075048712
1.82,-1.4878450598382
1.83,-1.64029745652847
1.84,-1.74086228578523
1.85,-1.78410021440231
1.86,-1.76351791466366
1.87,-1.67436410006686
1.88,-1.51807676273738
1.89,-1.30347159763801
1.9,-1.04126270723431
1.91,-0.735958867383226
1.92,-0.407985591412157
1.93,-0.0855720081040446
1.94,0.235656829791473
1.95,0.566331565323722
1.96,0.89813073311095
1.97,1.21507143957976
1.98,1.49681141098964
1.99,1.72381816207448
2,1.88047419348475
2.01,1.954592783909
2.02,1.93786052890833
2.03,1.82850022290177
2.04,1.63243193512699
2.05,1.35778728943579
2.06,1.0148041388554
2.07,0.626935774010784
2.08,0.219111476901172
2.09,-0.203986145813336
2.1,-0.647593791705622
2.11,-1.10735977554446
2.12,-1.56194074235336
2.13,-1.98128909485177
2.14,-2.337772872506
2.15,-2.61048635243363
2.16,-2.78597729230797
2.17,-2.85495710669178
2.18,-2.81180126990606
2.19,-2.65444496921796
2.2,-2.38248715387839
2.21,-2.00143528052815
2.22,-1.52833139173632
2.23,-0.990042114098781
2.24,-0.422792635851553
2.25,0.14679911083637
2.26,0.715299632164782
2.27,1.27811011389675
2.28,1.81512214682703
2.29,2.29708888744845
2.3,2.6913142088728
2.31,2.96690708028497
2.32,3.10338033072386
2.33,3.09178623882282
2.34,2.92737457341015
2.35,2.61234913793552
2.36,2.16374908506813
2.37,1.60995897234824
2.38,0.989996193666854
2.39,0.338400431418371
2.4,-0.338405307958639
2.41,-1.03598775496118
2.42,-1.72690874397752
2.43,-2.37482008760052
2.44,-2.94747379798881
2.45,-3.41602319059191
2.46,-3.75007466676149
2.47,-3.92339613305461
2.48,-3.91969127823757
2.49,-3.73371964696028
2.5,-3.37510035138227
2.51,-2.85967395092266
2.52,-2.20431301149095
2.53,-1.44512729697694
2.54,-0.635376265994876
2.55,0.188382486951516
2.56,1.01475971334594
2.57,1.82625585894354
2.58,2.58132758914487
2.59,3.23184457797289
2.6,3.74168756630529
2.61,4.08326704983545
2.62,4.23089753345384
2.63,4.1731305140347
2.64,3.91617024662159
2.65,3.46703395984125
2.66,2.83943132309218
2.67,2.06634552459501
2.68,1.19602398073811
2.69,0.273412719855677
2.7,-0.678646012767861
2.71,-1.6386447702198
2.72,-2.57268286389914
2.73,-3.43664546076006
2.74,-4.17492316974881
2.75,-4.73869855086906
2.76,-5.09659248263257
2.77,-5.2296931672705
2.78,-5.12708554819901
2.79,-4.78311520775135
2.8,-4.2058070232264
2.81,-3.4244884798232
2.82,-2.47796320481688
2.83,-1.42635270204997
2.84,-0.341980841822364
2.85,0.737933771737227
2.86,1.78565516283171
2.87,2.74932232515466
2.88,3.57762755022942
2.89,4.22854256461292
2.9,4.66139212809744
2.91,4.84028297245683
2.92,4.74682230762884
2.93,4.39249106413533
2.94,3.80639914979247
2.95,3.02251905062664
2.96,2.09355212100553
2.97,1.08477088462267
2.98,0.0422454545720524
2.99,-1.00326391268178
3,-2.0113960213613
3.01,-2.93403496207407
3.02,-3.71795413310946
3.03,-4.31072293988369
3.04,-4.67711181008463
3.05,-4.7993533138189
3.06,-4.66782159787013
3.07,-4.28625051730073
3.08,-3.68095459251894
3.09,-2.88909230769945
3.1,-1.95618526577698
3.11,-0.947600077317852
3.12,0.0740468972665537
3.13,1.07641060151201
3.14,2.03096520665627
3.15,2.89037839181923
3.16,3.60668680256477
3.17,4.14106943307224
3.18,4.4584979802081
3.19,4.53128351154905
3.2,4.35478639448619
3.21,3.94426496389663
3.22,3.32269084244391
3.23,2.52616222712356
3.24,1.61451529080109
3.25,0.651942732701064
3.26,-0.326913562089021
3.27,-1.2967037957744
3.28,-2.21560336854575
3.29,-3.03666774957843
3.3,-3.71415857277178
3.31,-4.20523519794584
3.32,-4.47808173521426
3.33,-4.51248274773185
3.34,-4.30087662285707
3.35,-3.86087615153498
3.36,-3.22498919406621
3.37,-2.42567216862157
3.38,-1.52087290222853
3.39,-0.579692888122662
3.4,0.368363306849148
3.41,1.30629389538157
3.42,2.18909921508901
3.43,2.96106182153734
3.44,3.5786567361869
3.45,4.0089345603802
3.46,4.22441489289429
3.47,4.21254475398004
3.48,3.97874807816951
3.49,3.53281698971309
3.5,2.89318698225497
3.51,2.10092262829776
3.52,1.21832802305904
3.53,0.303163583151152
3.54,-0.61614679100081
3.55,-1.51367444596941
3.56,-2.34860187828598
3.57,-3.08098420872278
3.58,-3.671536105768
3.59,-4.07903247651023
3.6,-4.26996113703184
3.61,-4.22630871293949
3.62,-3.95256612819439
3.63,-3.47424821315121
3.64,-2.82127535890586
3.65,-2.0268224831848
3.66,-1.14836248594933
3.67,-0.251250727207192
3.68,0.633750910218146
3.69,1.49204185023019
3.7,2.288074570927
3.71,2.97073428627658
3.72,3.49697744171511
3.73,3.83965999226592
3.74,3.98020746681026
3.75,3.91229396530832
3.76,3.63787178740604
3.77,3.1634063842362
3.78,2.51421112694635
3.79,1.74090265857144
3.8,0.905092132332949
3.81,0.047557363991562
3.82,-0.814199586973425
3.83,-1.65335333847108
3.84,-2.42475252285229
3.85,-3.08243459989982
3.86,-3.58888281159163
3.87,-3.91269181266748
3.88,-4.02972172247784
3.89,-3.92954067372099
3.9,-3.6210147108436
3.91,-3.12643986510969
3.92,-2.47384622692524
3.93,-1.69954012754804
3.94,-0.859312537720515
3.95,-0.011782051287488
3.96,0.816598924091377
3.97,1.6123097144146
3.98,2.34003680128914
3.99,2.95224962904579
4,3.40903551966532
4.01,3.68301496281167
4.02,3.76213027377562
4.03,3.64445427147981
4.04,3.33098613904818
4.05,2.8339836007662
4.06,2.18467413921144
4.07,1.4380111439995
4.08,0.650605900253051
4.09,-0.155092713363169
4.1,-0.9651741439271
4.11,-1.74425479353391
4.12,-2.44882145316487
4.13,-3.03666686601205
4.14,-3.47211782513152
4.15,-3.72784404005683
4.16,-3.78620332268838
4.17,-3.64587514632616
4.18,-3.31847460967233
4.19,-2.82119511451939
4.2,-2.17935685733556
4.21,-1.43492900506876
4.22,-0.64421631866309
4.23,0.147031328638507
4.24,0.919690307306253
4.25,1.65932463189062
4.26,2.33106680489175
4.27,2.88601822603286
4.28,3.28455900993361
4.29,3.5063471793768
4.3,3.542024322113
4.31,3.38788566635641
4.32,3.04752007481961
4.33,2.53939665040661
4.34,1.89929836993218
4.35,1.1776946222369
4.36,0.424949635314147
4.37,-0.335786016010238
4.38,-1.09173437682997
4.39,-1.8104516173787
4.4,-2.44737595272037
4.41,-2.96330778758836
4.42,-3.32943402794586
4.43,-3.52485138576301
4.44,-3.53855927958295
4.45,-3.37220322114302
4.46,-3.0358559325975
4.47,-2.54338128648307
4.48,-1.91791818747052
4.49,-1.20960482388567
4.5,-0.47611252994442
4.51,0.257678839301843
4.52,0.981153616651628
4.53,1.67083837547992
4.54,2.29033209832644
4.55,2.79613696157207
4.56,3.15274237296109
4.57,3.33988117313022
4.58,3.34707871423417
4.59,3.16991791658197
4.6,2.81534896511236
4.61,2.30769789618808
4.62,1.68338822103174
4.63,0.992268491486878
4.64,0.281731588250826
4.65,-0.431083530740959
4.66,-1.13649755614933
4.67,-1.80344067678359
4.68,-2.38966500489571
4.69,-2.85647779740224
4.7,-3.17561748847403
4.71,-3.33211222818376
4.72,-3.31991428596908
4.73,-3.14122509180606
4.74,-2.80342830990579
4.75,-2.31830191852146
4.76,-1.71104973636415
4.77,-1.03276519606218
4.78,-0.339192925672166
4.79,0.348541165580307
4.8,1.02166577558276
4.81,1.65663908116099
4.82,2.22114720853617
4.83,2.67801013110337
4.84,2.99461570969055
4.85,3.14961894059502
4.86,3.13224941500994
4.87,2.94015103918032
4.88,2.58229475249012
4.89,2.08446034951641
4.9,1.48608807899869
4.91,0.835172159073063
4.92,0.170555661901604
4.93,-0.495044293542933
4.94,-1.15217568426923
4.95,-1.76976662588358
4.96,-2.3071234966127
4.97,-2.73099876483153
4.98,-3.01789783741188
4.99,-3.15215223862335
5,-3.12692282047105
5.01,-2.94446664474833
5.02,-2.60850433266733
5.03,-2.1316105569593
5.04,-1.54446831676365
5.05,-0.898526035343193
5.06,-0.248538417688168
5.07,0.387941423121887
5.08,1.00878409579047
5.09,1.59474832096089
5.1,2.11741277846714
5.11,2.53978195553206
5.12,2.82732642308374
5.13,2.96065365660457
5.14,2.92824093296484
5.15,2.72921230331265
5.16,2.38093702228467
5.17,1.90768015660803
5.18,1.34409552698365
5.19,0.738565243326704
5.2,0.121989755580772
5.21,-0.501768793003655
5.22,-1.12244334521633
5.23,-1.70610327116367
5.24,-2.21097867913575
5.25,-2.60447034707756
5.26,-2.86611139458271
5.27,-2.98226530492532
5.28,-2.94620010490836
5.29,-2.76125677996137
5.3,-2.43578945679357
5.31,-1.98385406068887
5.32,-1.42965791603504
5.33,-0.820514246926397
5.34,-0.209813067412798
5.35,0.386503842519338
5.36,0.965862442859407
5.37,1.50903329115754
5.38,1.9892135919847
5.39,2.37568447847912
5.4,2.63932216935825
5.41,2.75858186842853
5.42,2.72158628365134
5.43,2.52995697431411
5.44,2.19977976265042
5.45,1.75441873873485
5.46,1.22969774367125
5.47,0.668104788314195
5.48,0.0919777926886438
5.49,-0.492041492536763
5.5,-1.07150886560572
5.51,-1.61789142334424
5.52,-2.09238373672247
5.53,-2.46189213959714
5.54,-2.70501569853066
5.55,-2.81155835825752
5.56,-2.77849779662853
5.57,-2.60487577469904
5.58,-2.29477190340417
5.59,-1.86531715416293
5.6,-1.34183823754042
5.61,-0.767744571010504
5.62,-0.194613640326871
5.63,0.363338982943662
5.64,0.90568527756708
5.65,1.41193931152559
5.66,1.85761062562578
5.67,2.21728084502301
5.68,2.46273155461127
5.69,2.57266506583372
5.7,2.53618993684293
5.71,2.354613941869
5.72,2.04413630247788
5.73,1.62760777395368
5.74,1.13756772875177
5.75,0.614096787111582
5.76,0.0800948040128913
5.77,-0.460016119075118
5.78,-0.997654379958614
5.79,-1.50830031961359
5.8,-1.95755737880788
5.81,-2.31148153218284
5.82,-2.54576360450439
5.83,-2.64999762419785
5.84,-2.62113066350573
5.85,-2.45796332384892
5.86,-2.16628380638747
5.87,-1.76422307421107
5.88,-1.27551626314601
5.89,-0.740451550684409
5.9,-0.20621579775891
5.91,0.314257728154059
5.92,0.819858650282052
5.93,1.29249154814495
5.94,1.70929504404698
5.95,2.04717159644903
5.96,2.28081550294792
5.97,2.38787422734817
5.98,2.35915616466924
5.99,2.19837417375923
6,1.91841010806853
6.01,1.53772906127726
6.02,1.08590230647808
6.03,0.600420721534356
6.04,0.101973327863253
6.05,-0.40473462600799
6.06,-0.910458068236225
6.07,-1.39192154205953
6.08,-1.8165490120853
6.09,-2.15425691627796
6.1,-2.38385868209115
6.11,-2.49408452164359
6.12,-2.47916514692427
6.13,-2.33645607311532
6.14,-2.07057489807029
6.15,-1.69743051441534
6.16,-1.24103952436166
6.17,-0.741999645156585
6.18,-0.244589333830516
6.19,0.240625817014047
6.2,0.714317406279219
6.21,1.15913906729786
6.22,1.55237982315963
6.23,1.87196791982848
6.24,2.09594723558039
6.25,2.20577840472514
6.26,2.19129766389688
6.27,2.0553235882696
6.28,1.80852642982866
6.29,1.4656136311469
6.3,1.05278427420016
6.31,0.601943145492127
6.32,0.134753803211534
6.33,-0.337081912005979
6.34,-0.804154664447026
6.35,-1.25148104643597
6.36,-1.65332603297256
6.37,-1.98163230185913
6.38,-2.214483442066
6.39,-2.33558099460467
6.4,-2.33440095698171
6.41,-2.20969286906042
6.42,-1.97048627660071
6.43,-1.63356826747913
6.44,-1.21803984341451
6.45,-0.753580281769713
6.46,-0.283499424155314
6.47,0.167967911551481
6.48,0.601296118676222
6.49,1.01157943808598
6.5,1.38148839543867
6.51,1.68772798993167
6.52,1.9074706528504
6.53,2.02381706604499
6.54,2.0274667345423
6.55,1.91956602841295
6.56,1.70966982868876
6.57,1.4093818426443
6.58,1.03510364149326
6.59,0.617941832360504
6.6,0.187748464537301
6.61,-0.24601372438248
6.62,-0.679182677321059
6.63,-1.10024356190567
6.64,-1.4873137218772
6.65,-1.81045873323017
6.66,-2.04569232925439
6.67,-2.17840699466027
6.68,-2.19769568211592
6.69,-2.10042843545429
6.7,-1.89448459184855
6.71,-1.59329064514351
6.72,-1.2144546116932
6.73,-0.782579215338345
6.74,-0.336090812761983
6.75,0.0913181132881556
6.76,0.495091929823243
6.77,0.876054309047115
6.78,1.22164510323762
6.79,1.51437790144586
6.8,1.73590349245594
6.81,1.86830558688196
6.82,1.89748579818324
6.83,1.82009560231165
6.84,1.64294819808541
6.85,1.37646791437656
6.86,1.03501258974911
6.87,0.650370747817187
6.88,0.257404376137352
6.89,-0.137767064278225
6.9,-0.536560082511317
6.91,-0.927863255406664
6.92,-1.29515974833202
6.93,-1.61459640417804
6.94,-1.85869253676468
6.95,-2.00800366377599
6.96,-2.05340258056726
6.97,-1.99042675589893
6.98,-1.82303282793836
6.99,-1.56425970073418
7,-1.23138480507433
7.01,-0.843289418482191
7.02,-0.432470333769653
7.03,-0.0365550756326601
7.04,0.337822291158122
7.05,0.696355153137651
7.06,1.02912624970876
7.07,1.31845956528121
7.08,1.54619734096309
7.09,1.696380620729
7.1,1.75400859876823
7.11,1.7116453528855
7.12,1.5731572671627
7.13,1.34638923667147
7.14,1.04393282619264
7.15,0.698579724179035
7.16,0.343914419644746
7.17,-0.0171276565473613
7.18,-0.386696264946092
7.19,-0.755291093385563
7.2,-1.10679775678627
7.21,-1.41872716703491
7.22,-1.66856426139544
7.23,-1.83547147759987
7.24,-1.90603622686447
7.25,-1.87793273071546
7.26,-1.75335390344884
7.27,-1.53773840000351
7.28,-1.2457653030759
7.29,-0.89650555360493
7.3,-0.519820146852268
7.31,-0.152272312675462
7.32,0.195978841032209
7.33,0.532169846323995
7.34,0.851316646769376
7.35,1.13680775185208
7.36,1.36946704736198
7.37,1.53160815041017
7.38,1.61209592302002
7.39,1.60528896598099
7.4,1.50712239363709
7.41,1.32193580543
7.42,1.06467309193146
7.43,0.761296099525232
7.44,0.439151145116603
7.45,0.107020427069611
7.46,-0.236152756064327
7.47,-0.582967407992979
7.48,-0.917317979211307
7.49,-1.22117668460988
7.5,-1.47468510377046
7.51,-1.65836521751423
7.52,-1.7599801435916
7.53,-1.77148675181597
7.54,-1.6892471411499
7.55,-1.51845457875045
7.56,-1.27408817610766
7.57,-0.972236090634422
7.58,-0.627172750506024
7.59,-0.271042155278306
7.6,0.0638368730008526
7.61,0.376710178843798
7.62,0.673088259144277
7.63,0.94461243232167
7.64,1.17644708792701
7.65,1.3516686607475
7.66,1.45607452683598
7.67,1.48185895345775
7.68,1.42752391806034
7.69,1.29486196797194
7.7,1.08838430144472
7.71,0.820875771881954
7.72,0.522725858279826
7.73,0.220850742711015
7.74,-0.0854845415732099
7.75,-0.401072407503719
7.76,-0.715591711164945
7.77,-1.01091853809521
7.78,-1.26841404767975
7.79,-1.46958509041983
7.8,-1.5988223682438
7.81,-1.6462445284186
7.82,-1.60697724704745
7.83,-1.48616771317624
7.84,-1.29424374992117
7.85,-1.04096799470741
7.86,-0.739886745960095
7.87,-0.419231514081266
7.88,-0.112361584049223
7.89,0.176098752588907
7.9,0.457688163219216
7.91,0.727809680220329
7.92,0.970705552012233
7.93,1.16895593303831
7.94,1.30419549089947
7.95,1.36471597220442
7.96,1.34949271090576
7.97,1.25976323670937
7.98,1.09940865266908
7.99,0.8789518516122
8,0.621579254619349
8.01,0.354303248387774
8.02,0.0799220578902113
8.03,-0.208120530503299
8.04,-0.500339295739042
8.05,-0.780365127261171
8.06,-1.03223726982058
8.07,-1.24255201227884
8.08,-1.39962683704117
8.09,-1.48842148779966
8.1,-1.49882914766658
8.11,-1.43150935859516
8.12,-1.29163098578916
8.13,-1.08961740430188
8.14,-0.838097675855176
8.15,-0.547162614451126
8.16,-0.244998159682773
8.17,0.0342816905745629
8.18,0.290776701386555
8.19,0.536297330644686
8.2,0.766842257961523
8.21,0.968266045173432
8.22,1.12315555883869
8.23,1.21767877572899
8.24,1.24384148198859
8.25,1.20103605677737
8.26,1.09294671709094
8.27,0.923853609033312
8.28,0.703048457381205
8.29,0.457249984788749
8.3,0.210854387355044
8.31,-0.0397194446785055
8.32,-0.299382674022623
8.33,-0.559939532239948
8.34,-0.809442353515606
8.35,-1.03310808472534
8.36,-1.21364750450228
8.37,-1.33448329800149
8.38,-1.38695609424352
8.39,-1.36972993573021
8.4,-1.28434552801351
8.41,-1.13624386706489
8.42,-0.934566655117763
8.43,-0.688232496023434
8.44,-0.413371238353689
8.45,-0.14250593129885
8.46,0.102681971997238
8.47,0.331415585556007
8.48,0.552681996555365
8.49,0.758251870191306
8.5,0.93220197627768
8.51,1.05853960135312
8.52,1.1280457897409
8.53,1.13540242705737
8.54,1.07828103045488
8.55,0.960398018384232
8.56,0.788116730134195
8.57,0.577845771522574
8.58,0.356300296137113
8.59,0.132603717007185
8.6,-0.100798510229227
8.61,-0.342021269764472
8.62,-0.581252232642017
8.63,-0.806632318671651
8.64,-1.00356858651962
8.65,-1.15663593751987
8.66,-1.25384076269179
8.67,-1.28980855670774
8.68,-1.26102527696707
8.69,-1.16647890538521
8.7,-1.0131655218815
8.71,-0.813849548494944
8.72,-0.579203191975788
8.73,-0.326361286046697
8.74,-0.0848642176259264
8.75,0.132250175178743
8.76,0.337299215941816
8.77,0.535681817864822
8.78,0.714949114406331
8.79,0.861221460107838
8.8,0.964535788962408
8.81,1.01744206403504
8.82,1.0156767615178
8.83,0.956374259966014
8.84,0.841026772476405
8.85,0.676588481528018
8.86,0.484985108162026
8.87,0.293196922483735
8.88,0.0990264568865317
8.89,-0.111016425220049
8.9,-0.332954508052486
8.91,-0.555036597158017
8.92,-0.76404754660032
8.93,-0.943567162885201
8.94,-1.07737292741878
8.95,-1.1555285967914
8.96,-1.17562599743841
8.97,-1.13786976528275
8.98,-1.04529686287593
8.99,-0.905459010136398
9,-0.72599956843222
9.01,-0.51192393439616
9.02,-0.279973825616898
9.03,-0.0611395535313556
9.04,0.133486142126113
9.05,0.316768118639798
9.06,0.494107265577391
9.07,0.655542091340194
9.08,0.787660078711699
9.09,0.880529708919099
9.1,0.926972869149896
9.11,0.921535469557502
9.12,0.861751629720507
9.13,0.750430925452369
9.14,0.594960929970221
9.15,0.418888413604298
9.16,0.248079234581869
9.17,0.0753478604850344
9.18,-0.114910619493572
9.19,-0.318475951237593
9.2,-0.52302823115942
9.21,-0.713163993495867
9.22,-0.872441474216853
9.23,-0.991196955610286
9.24,-1.06556485574729
9.25,-1.09041070795349
9.26,-1.06127687852668
9.27,-0.978337509640336
9.28,-0.847667590323251
9.29,-0.677888099630327
9.3,-0.475708270090134
9.31,-0.258708647586464
9.32,-0.0568169613008084
9.33,0.117623335343328
9.34,0.276509547687122
9.35,0.429449955351319
9.36,0.571851492463991
9.37,0.692889287405994
9.38,0.783076406198542
9.39,0.832516805872416
9.4,0.832972224059623
9.41,0.783273506965071
9.42,0.686633270772339
9.43,0.550322264442091
9.44,0.395766033533306
9.45,0.245984273992355
9.46,0.095803894300203
9.47,-0.072150690359004
9.48,-0.257700062435311
9.49,-0.448085375848977
9.5,-0.628811992148433
9.51,-0.785069829681348
9.52,-0.905108218374001
9.53,-0.981813280758963
9.54,-1.009392202352
9.55,-0.98512496992034
9.56,-0.912825375163192
9.57,-0.800332912557268
9.58,-0.655458212521587
9.59,-0.482972335988271
9.6,-0.290314001913604
9.61,-0.10029468894867
9.62,0.0651243652292567
9.63,0.21051073629632
9.64,0.349356099569511
9.65,0.480950358935507
9.66,0.596609476282735
9.67,0.687496017453704
9.68,0.74320356666049
9.69,0.754947069385551
9.7,0.720420523154712
9.71,0.641721178875468
9.72,0.525439810563271
9.73,0.390579271503494
9.74,0.259089218180266
9.75,0.129202877789175
9.76,-0.0163686417299625
9.77,-0.181101284049038
9.78,-0.352935500254221
9.79,-0.518578894331069
9.8,-0.667236200678362
9.81,-0.787609763518111
9.82,-0.871832666224503
9.83,-0.915847054360319
9.84,-0.915601136752827
9.85,-0.870145991188833
9.86,-0.784040073907346
9.87,-0.664124073572106
9.88,-0.51529493263312
9.89,-0.34272826666686
9.9,-0.163970169844368
9.91,-0.00371991813804516
9.92,0.132198191641178
9.93,0.254833700839857
9.94,0.371128053886806
9.95,0.479141774107342
9.96,0.571385138648358
9.97,0.637385476676256
9.98,0.667530103766742
9.99,0.656565680484853
10,0.604122802121238
10.01,0.5150444395252
10.02,0.400196841643014
10.03,0.279498467727192
10.04,0.165783142984259
10.05,0.0460479231968472
10.06,-0.0944952843397166
10.07,-0.250564873778064
10.08,-0.407110762653394
10.09,-0.550846116689318
10.1,-0.672784690030852
10.11,-0.765829458686919
10.12,-0.82477690026774
10.13,-0.845363202527151
10.14,-0.825459404677975
10.15,-0.767347334077663
10.16,-0.67409653793113
10.17,-0.549641942330504
10.18,-0.40127656812095
10.19,-0.238361233791318
10.2,-0.0803555140588398
10.21,0.0509852360809617
10.22,0.159550624503238
10.23,0.262563563137544
10.24,0.365015984637749
10.25,0.45942187536365
10.26,0.534739094872134
10.27,0.582192940741198
10.28,0.596023083099709
10.29,0.574429852062423
10.3,0.517364105172406
10.31,0.429383724040808
10.32,0.327904793741769
10.33,0.231587643111267
10.34,0.137630261521698
10.35,0.0294391585877814
10.36,-0.102093445090446
10.37,-0.250114460047212
10.38,-0.397767465191752
10.39,-0.530520588808319
10.4,-0.639703966430794
10.41,-0.719376625650847
10.42,-0.764297847800841
10.43,-0.77240603235941
10.44,-0.74580503842028
10.45,-0.688069646494105
10.46,-0.602084310654544
10.47,-0.489582226625111
10.48,-0.353537840531521
10.49,-0.203226966570753
10.5,-0.0600314714904377
10.51,0.0581580319046523
10.52,0.155911085611725
10.53,0.24457086835328
10.54,0.328583894984111
10.55,0.404976993431752
10.56,0.467038817789326
10.57,0.508131740349963
10.58,0.520059361825144
10.59,0.498307019342935
10.6,0.444636712554784
10.61,0.36465626217829
10.62,0.273652207440573
10.63,0.189673625717726
10.64,0.109007894867071
10.65,0.0131799373609415
10.66,-0.105133986091847
10.67,-0.237140862998013
10.68,-0.369284979840545
10.69,-0.489310032092733
10.7,-0.58708215700056
10.71,-0.65841547715756
10.72,-0.699713669377176
10.73,-0.707791300338733
10.74,-0.684820711235903
10.75,-0.633172178265068
10.76,-0.554173341378322
10.77,-0.450693001751451
10.78,-0.325032879123431
10.79,-0.184340762589106
10.8,-0.0498181003786021
10.81,0.0584818515563799
10.82,0.141728506642503
10.83,0.212987178358914
10.84,0.281631577354543
10.85,0.347653162647931
10.86,0.403645841549797
10.87,0.441730696007299
10.88,0.45529100207858
10.89,0.43990009397601
10.9,0.395727849855926
10.91,0.328724041088445
10.92,0.25486766188457
10.93,0.188861892289291
10.94,0.123912739375542
10.95,0.0440665206637454
10.96,-0.0559499484969584
10.97,-0.172097579808468
10.98,-0.295124545924709
10.99,-0.411908605348292
11,-0.50921703584997
11.01,-0.580599665729442
11.02,-0.624670984491396
11.03,-0.64087860385375
11.04,-0.630750769066347
11.05,-0.595514485288088
11.06,-0.535065411198789
11.07,-0.448867324877606
11.08,-0.340937934177915
11.09,-0.219419464369292
11.1,-0.094629771312934
11.11,0.0150753015205346
11.12,0.0975070703251011
11.13,0.161197989137201
11.14,0.220050411429327
11.15,0.277277777633509
11.16,0.326262571991512
11.17,0.359971935888541
11.18,0.376576097548142
11.19,0.374443314302761
11.2,0.351159763708885
11.21,0.307287402823672
11.22,0.251078128604538
11.23,0.195067122231597
11.24,0.139499702868019
11.25,0.074717158763596
11.26,-0.00687354929757329
11.27,-0.107054709147478
11.28,-0.217740686397216
11.29,-0.327887687240232
11.3,-0.42945761322008
11.31,-0.512880369152098
11.32,-0.569665916224101
11.33,-0.598209907235486
11.34,-0.600408719795422
11.35,-0.576582240212806
11.36,-0.528439769047429
11.37,-0.460403959137636
11.38,-0.374003456722079
11.39,-0.270820034475351
11.4,-0.158060156303331
11.41,-0.0482848231185825
11.42,0.0439767844408992
11.43,0.112423479627749
11.44,0.163632198446685
11.45,0.208815521277301
11.46,0.251939695842574
11.47,0.288378578787159
11.48,0.313424901301702
11.49,0.323489143777632
11.5,0.315742172966113
11.51,0.290541110750282
11.52,0.25071413737608
11.53,0.204750652307096
11.54,0.161351082010526
11.55,0.116950748705166
11.56,0.0594151009586395
11.57,-0.0194101669040033
11.58,-0.115487053327914
11.59,-0.217084917342849
11.6,-0.313711796845231
11.61,-0.396715768438069
11.62,-0.46082972432986
11.63,-0.503373401511055
11.64,-0.523896057882589
11.65,-0.523972918087645
11.66,-0.504173173699022
11.67,-0.466513000566914
11.68,-0.411000225738675
11.69,-0.335328313932607
11.7,-0.242598036156747
11.71,-0.139443481263574
11.72,-0.0358747676712664
11.73,0.0510161030446725
11.74,0.111140216418904
11.75,0.152236794668006
11.76,0.186245366034559
11.77,0.217592890806801
11.78,0.245469360080738
11.79,0.265672773433466
11.8,0.271959695925766
11.81,0.262067402676169
11.82,0.238399074444638
11.83,0.206602006943181
11.84,0.173821279837094
11.85,0.142033574731014
11.86,0.105905591631242
11.87,0.0574565820069113
11.88,-0.00825592669199396
11.89,-0.0903953178682161
11.9,-0.182075938117776
11.91,-0.271997041580497
11.92,-0.35082456129005
11.93,-0.413367427780768
11.94,-0.457075084017991
11.95,-0.481638868062582
11.96,-0.486560770690298
11.97,-0.47222036327424
11.98,-0.438390408857074
11.99,-0.384481057701169
12,-0.314171626100495
12.01,-0.231624335662037
12.02,-0.140688063360471
12.03,-0.0497856996133127
12.04,0.0301217216070901
12.05,0.0913379895572882
12.06,0.134069640250552
12.07,0.164144452893375
12.08,0.186411580173714
12.09,0.203565199605919
12.1,0.215868285873191
12.11,0.220617940478517
12.12,0.216489546917658
12.13,0.204448144208026
12.14,0.185058689712151
12.15,0.162299710039977
12.16,0.139955286048755
12.17,0.113839267479923
12.18,0.075330169974153
12.19,0.0199583923106381
12.2,-0.0495058575552363
12.21,-0.128614761388677
12.22,-0.210851278950667
12.23,-0.286887934353411
12.24,-0.350306012124272
12.25,-0.397947784748106
12.26,-0.427930932531996
12.27,-0.439407001089097
12.28,-0.432945948949726
12.29,-0.409407944131224
12.3,-0.36944719710677
12.31,-0.314894291215788
12.32,-0.246896791555791
12.33,-0.167477407189154
12.34,-0.0842784810307178
12.35,-0.00707956035488686
12.36,0.057642281613203
12.37,0.105885305228554
12.38,0.137868645731799
12.39,0.158760104137009
12.4,0.172121266331862
12.41,0.180629220870854
12.42,0.18599505515302
12.43,0.18491366088102
12.44,0.176498377954428
12.45,0.163231776035422
12.46,0.146796114144857
12.47,0.130028032615545
12.48,0.111100337554924
12.49,0.0822463698086589
12.5,0.0380754970963091
12.51,-0.0210373246731496
12.52,-0.0895778813608407
12.53,-0.161269140750314
12.54,-0.230125928013152
12.55,-0.288166283652221
12.56,-0.331448297466541
12.57,-0.361130824491059
12.58,-0.376912582510058
12.59,-0.377639404588699
12.6,-0.363478729954157
12.61,-0.333873530237064
12.62,-0.289902795260584
12.63,-0.235310628878752
12.64,-0.174090084728281
12.65,-0.110289888288364
12.66,-0.0459933216344221
12.67,0.0157481596035207
12.68,0.0682447069143462
12.69,0.106420395105971
12.7,0.129555645633694
12.71,0.140159001879391
12.72,0.14436369806844
12.73,0.146777479084701
12.74,0.146842413341797
12.75,0.144621775239708
12.76,0.141341985235798
12.77,0.136234181272552
12.78,0.127289038849421
12.79,0.111119263756917
12.8,0.0848653953508382
12.81,0.0480361346529531
12.82,0.00013612456029659
12.83,-0.0566628785201231
12.84,-0.117483280339532
12.85,-0.177286340259369
12.86,-0.230101038783451
12.87,-0.273342573477047
12.88,-0.306982531980982
12.89,-0.328299071588097
12.9,-0.335325122195373
12.91,-0.32730030921879
12.92,-0.30400183400322
12.93,-0.26806162571896
12.94,-0.221591785369008
12.95,-0.166284820466089
12.96,-0.10696230715317
12.97,-0.0483665517130431
12.98,0.00875938714210985
12.99,0.0605601086557753
13,0.1005384941401
13.01,0.126994620246001
13.02,0.141132765886558
13.03,0.145940503454449
13.04,0.145694613577415
13.05,0.143921437744052
13.06,0.142092474295012
13.07,0.139036682273959
13.08,0.133180749291458
13.09,0.123613812214893
13.1,0.107940733311069
13.11,0.0835420865150815
13.12,0.0484527777368461
13.13,0.0029356654096834
13.14,-0.0497448631802623
13.15,-0.105271932124521
13.16,-0.156747253669569
13.17,-0.19963377638086
13.18,-0.235688891318474
13.19,-0.264872070758768
13.2,-0.282815728539408
13.21,-0.286426063176806
13.22,-0.278421527509347
13.23,-0.260785062564267
13.24,-0.230546379630131
13.25,-0.188971338329833
13.26,-0.140854804125455
13.27,-0.0897913768411169
13.28,-0.0365156036120177
13.29,0.0171506302941867
13.3,0.064227701288595
13.31,0.0994647976425872
13.32,0.121741445999965
13.33,0.133234720378423
13.34,0.139979762010828
13.35,0.145266325166287
13.36,0.146292393565957
13.37,0.141155431982382
13.38,0.132026283937213
13.39,0.121229239686377
13.4,0.108012818015948
13.41,0.0899750147722936
13.42,0.0639868600607202
13.43,0.0279689327773671
13.44,-0.0148336557417647
13.45,-0.0593547291883823
13.46,-0.105945981486639
13.47,-0.153969115578417
13.48,-0.195832786099476
13.49,-0.225254859595521
13.5,-0.241354782618731
13.51,-0.246879379567634
13.52,-0.242506321535672
13.53,-0.226198029378941
13.54,-0.200022406164739
13.55,-0.166289691350755
13.56,-0.125909858404736
13.57,-0.0824169114898054
13.58,-0.0386994577546424
13.59,0.00373475624294348
13.6,0.0428181035392788
13.61,0.0754829776266423
13.62,0.0991549095125678
13.63,0.115154924439272
13.64,0.124288904348462
13.65,0.126043332328496
13.66,0.123547294884541
13.67,0.12113992538509
13.68,0.119573624742792
13.69,0.114151014616567
13.7,0.100531077027308
13.71,0.0782119192627799
13.72,0.0479502322184224
13.73,0.0108551352364918
13.74,-0.0305535187016777
13.75,-0.071751116768958
13.76,-0.109834252014006
13.77,-0.145957791297424
13.78,-0.178527744557722
13.79,-0.200339390603831
13.8,-0.20944246603355
13.81,-0.209170632000359
13.82,-0.200106013664516
13.83,-0.183552655027116
13.84,-0.161199741151164
13.85,-0.132544751031839
13.86,-0.0987497609283111
13.87,-0.0616942242768147
13.88,-0.0223672841485212
13.89,0.0175547266326953
13.9,0.0537644548103443
13.91,0.081131076678139
13.92,0.100277740242642
13.93,0.114373338777752
13.94,0.123980388439155
13.95,0.129080616139931
13.96,0.129770885700428
13.97,0.125799425494736
13.98,0.116633652050218
13.99,0.102193859604716
14,0.0819752719276846
14.01,0.0555933815937514
14.02,0.0226724618930262
14.03,-0.0150830107570815
14.04,-0.0522595693400519
14.05,-0.0842580083350531
14.06,-0.10968351418283
14.07,-0.129759553784763
14.08,-0.145584899651932
14.09,-0.157874353246277
14.1,-0.16533419352283
14.11,-0.164507769090134
14.12,-0.154905533720723
14.13,-0.138204390118067
14.14,-0.115028567866974
14.15,-0.0853936600242632
14.16,-0.0509969220466636
14.17,-0.0159184225166314
14.18,0.0157014776922637
14.19,0.0414121860634778
14.2,0.0612232065173418
14.21,0.077775047627014
14.22,0.0929789562451034
14.23,0.105843596436465
14.24,0.113827809394697
14.25,0.114114158754538
14.26,0.106439659964361
14.27,0.0936862277739335
14.28,0.0781262391920275
14.29,0.0589914076482767
14.3,0.0350265164701989
14.31,0.00708253648248018
14.32,-0.0229261827008576
14.33,-0.0520728452549493
14.34,-0.0783860322430491
14.35,-0.102617769250739
14.36,-0.123881577974129
14.37,-0.1381560355626
14.38,-0.143722131106788
14.39,-0.141914770705109
14.4,-0.13296480236471
14.41,-0.117720331718431
14.42,-0.0993028780767489
14.43,-0.0789189533449872
14.44,-0.0544470737727873
14.45,-0.0255483967438132
14.46,0.00499227975375701
14.47,0.033640592911437
14.48,0.0564807207149767
14.49,0.0734957990170378
14.5,0.0864744571693121
14.51,0.0951974207293153
14.52,0.0996643432363091
14.53,0.0991161847514773
14.54,0.0933663929973251
14.55,0.0827667356347152
14.56,0.0672996549234229
14.57,0.0495454923154402
14.58,0.0319183420293236
14.59,0.0114151518857322
14.6,-0.0146376032317055
14.61,-0.042308513783593
14.62,-0.0669221453081168
14.63,-0.0880341908448945
14.64,-0.10487189105995
14.65,-0.115393219047448
14.66,-0.119378763226487
14.67,-0.117229759893099
14.68,-0.110404247119156
14.69,-0.0987675678796217
14.7,-0.0794569833509577
14.71,-0.0541657187533088
14.72,-0.0283643026322414
14.73,-0.00412285860249209
14.74,0.018218126742722
14.75,0.0370489940388175
14.76,0.0516513967891967
14.77,0.0625316089645258
14.78,0.0711669586143263
14.79,0.0783988549977272
14.8,0.0824459743017926
14.81,0.081782358120396
14.82,0.0761284480504144
14.83,0.0659588034408046
14.84,0.052930675037652
14.85,0.0378185852725159
14.86,0.0188731858446846
14.87,-0.00595864796509764
14.88,-0.0344323786010541
14.89,-0.0603075621544771
14.9,-0.079654821780015
14.91,-0.0917015288075667
14.92,-0.0969221103233619
14.93,-0.0983691190450537
14.94,-0.0978314177625033
14.95,-0.0935795125707918
14.96,-0.0851492282735036
14.97,-0.0733739534990329
14.98,-0.0580150019973944
14.99,-0.0392563202298359
15,-0.0193016006298926
15.01,-0.000899899813662104
15.02,0.0163101520690283
15.03,0.0339566929675571
15.04,0.050086706687238
15.05,0.0617876015626119
15.06,0.0684062479618656
15.07,0.0714843504584833
15.08,0.0723321309338169
15.09,0.0688736623232764
15.1,0.0606311436157349
15.11,0.0487208197160956
15.12,0.0323384789853064
15.13,0.0128343160917731
15.14,-0.00567465847163595
15.15,-0.0217270950686398
15.16,-0.0378132304052752
15.17,-0.0545021476499841
15.18,-0.0686187252847607
15.19,-0.0769654054324851
15.2,-0.0796751132873432
15.21,-0.0793632732749845
15.22,-0.0777261619753078
15.23,-0.0741603239481435
15.24,-0.0659305191736084
15.25,-0.0506782890501857
15.26,-0.0297077509151235
15.27,-0.00745620180750275
15.28,0.0124399785646639
15.29,0.0274333620295366
15.3,0.0382023267316519
15.31,0.0476576660265189
15.32,0.0551058998036494
15.33,0.0598697848442221
15.34,0.0618989615145609
15.35,0.0601267710024139
15.36,0.0536888348603922
15.37,0.042825422115034
15.38,0.0304920997095522
15.39,0.0182129073146603
15.4,0.00423809605113618
15.41,-0.0121556662957122
15.42,-0.0278640367432849
15.43,-0.0408589670956131
15.44,-0.05324992758447
15.45,-0.0642122991992703
15.46,-0.0704722092623684
15.47,-0.0716130179875446
15.48,-0.0696385859705479
15.49,-0.0666783024168889
15.5,-0.0611099512742451
15.51,-0.050074783089859
15.52,-0.0350586477497928
15.53,-0.0195081048052472
15.54,-0.00533078759049186
15.55,0.00731110331073118
15.56,0.0188693741565402
15.57,0.0284750650937238
15.58,0.0354075270719505
15.59,0.0391626674333788
15.6,0.0400001196492731
15.61,0.0394406350499274
15.62,0.0370407001225399
15.63,0.0314973307623604
15.64,0.0239288073205294
15.65,0.0158439345455736
15.66,0.00575330871415802
15.67,-0.00726071827606086
15.68,-0.0219338505145975
15.69,-0.0367906290649407
15.7,-0.0493274356828246
15.71,-0.0577585364443935
15.72,-0.0635780490299961
15.73,-0.0677276027300926
15.74,-0.0690296082404823
15.75,-0.0662455136239434
15.76,-0.0578004267177911
15.77,-0.0439520546131124
15.78,-0.0278379628791276
15.79,-0.0131906355506318
15.8,-0.00107582901699708
15.81,0.00974773089511701
15.82,0.0202128997318729
15.83,0.0298570935088061
15.84,0.0362338969412481
15.85,0.0390853467222174
15.86,0.0396637671457947
15.87,0.0370460057914783
15.88,0.0314092271811585
15.89,0.0244059190021178
15.9,0.0173025846919847
15.91,0.00936756723877624
15.92,-0.000532804110599739
15.93,-0.0109106556866491
15.94,-0.019924708679252
15.95,-0.0278508683621856
15.96,-0.0365144066212517
15.97,-0.0449681103370902
15.98,-0.0497629673896702
15.99,-0.049839221530012
16,-0.0475296784816673
16.01,-0.0451044372817452
16.02,-0.0413764917869901
16.03,-0.035249075988992
16.04,-0.0270630294156678
16.05,-0.0162927509408092
16.06,-0.00376799438994701
16.07,0.00838349658884533
16.08,0.0190140726994376
16.09,0.0267114783594124
16.1,0.0309070526963196
16.11,0.033546062511792
16.12,0.0358437913512793
16.13,0.0364537912869367
16.14,0.0337281001308063
16.15,0.0276126862613372
16.16,0.019055960110801
16.17,0.0098168078457145
16.18,0.00136587956395885
16.19,-0.00705984935950342
16.2,-0.0165469153737384
16.21,-0.0261551062378219
16.22,-0.0346206337300111
16.23,-0.0402947796938497
16.24,-0.0415307023403777
16.25,-0.0395079397915601
16.26,-0.0371293929712124
16.27,-0.0349189617038499
16.28,-0.0307172485107426
16.29,-0.0238994383683145
16.3,-0.0151816137309749
16.31,-0.00678936511316466
16.32,-0.000137692246580979
16.33,0.00699386960124556
16.34,0.0150116119054224
16.35,0.0215683913608858
16.36,0.0260817824132857
16.37,0.0284329813409856
16.38,0.0269855870831692
16.39,0.0225146409181028
16.4,0.0180086136438986
16.41,0.0139813674191221
16.42,0.00827662888879194
16.43,-0.000307851568290717
16.44,-0.0102809093000499
16.45,-0.0200908463121612
16.46,-0.0297041519341865
16.47,-0.0376058266538153
16.48,-0.0409705773095506
16.49,-0.0400760287079352
16.5,-0.0382579859108951
16.51,-0.0365142738163722
16.52,-0.0336310543044051
16.53,-0.0301980026893325
16.54,-0.0256738466101491
16.55,-0.0189988805268234
16.56,-0.011218673853159
16.57,-0.00308209832824857
16.58,0.00518825299206437
16.59,0.012278145927699
16.6,0.0164464078209991
16.61,0.0193008651262417
16.62,0.0225843405664905
16.63,0.024690639401043
16.64,0.0245703174714239
16.65,0.0222411907226445
16.66,0.0164852745264457
16.67,0.00589124496311446
16.68,-0.00691697882354034
16.69,-0.0172043969086394
16.7,-0.0239405010458016
16.71,-0.027498575905875
16.72,-0.0286215697461783
16.73,-0.02960510484244
16.74,-0.0316938266702558
16.75,-0.0348516637993307
16.76,-0.0377222966550103
16.77,-0.0394352873761683
16.78,-0.0391495801005156
16.79,-0.0336127715928018
16.8,-0.0223237517275305
16.81,-0.00919939997431548
16.82,0.00251956642683721
16.83,0.0106126724504544
16.84,0.0144978178118497
16.85,0.0149574003445914
16.86,0.0138099378565096
16.87,0.0142694836415508
16.88,0.0150877702056155
16.89,0.0140228408452132
16.9,0.0117900726520563
16.91,0.00722590791771423
16.92,-0.000169876564427729
16.93,-0.00758251924154453
16.94,-0.0133880158136659
16.95,-0.0190880803416935
16.96,-0.0251149205624553
16.97,-0.0298352424805673
16.98,-0.0339586902913765
16.99,-0.0379999833402739
17,-0.0394419701093991
17.01,-0.037980365885975
17.02,-0.0353954477168607
17.03,-0.0313881683632742
17.04,-0.0248082275175791
17.05,-0.0183266964814947
17.06,-0.0148363341432848
17.07,-0.0118818228558071
17.08,-0.00713729491801264
17.09,-0.00136487277729399
17.1,0.00331860375624683
17.11,0.00513091451375784
17.12,0.00544604093325795
17.13,0.00585373742949903
17.14,0.00604399794603158
17.15,0.00644312141208994
17.16,0.00661131224725225
17.17,0.0050902318087029
17.18,0.00186799839619
17.19,-0.00290904226882739
17.2,-0.00917009974608884
17.21,-0.0153291299954596
17.22,-0.0200096205418566
17.23,-0.0230355956805758
17.24,-0.0243799287020851
17.25,-0.0246086784711888
17.26,-0.0238911264298667
17.27,-0.021243747530227
17.28,-0.016827566918672
17.29,-0.0121878111276509
17.3,-0.00810090315949462
17.31,-0.00270637150495068
17.32,0.00484069181216682
17.33,0.0107762734962504
17.34,0.0127601469870384
17.35,0.0129320470582192
17.36,0.0138365248180613
17.37,0.0146789382003806
17.38,0.0145479303499464
17.39,0.013794663820578
17.4,0.012236396483655
17.41,0.0104580058311926
17.42,0.00735534902998442
17.43,0.000940695019513627
17.44,-0.00671860681446505
17.45,-0.0119373010484589
17.46,-0.0151557115877185
17.47,-0.0185311772665676
17.48,-0.0225994859747115
17.49,-0.025725881226764
17.5,-0.0269354106528643
17.51,-0.028001002610291
17.52,-0.0287798709802871
17.53,-0.0270198330326149
17.54,-0.0215699484783028
17.55,-0.0137206115555674
17.56,-0.00551497807436663
17.57,0.00239045124778343
17.58,0.00813153993436531
17.59,0.0101224109055714
17.6,0.0112276396186693
17.61,0.0134430338384879
17.62,0.0146414799175504
17.63,0.0137731006119915
17.64,0.010942621577228
17.65,0.00729137003167513
17.66,0.00535848813010443
17.67,0.00385415599841729
17.68,-1.88465779313267e-05
17.69,-0.00449777521116565
17.7,-0.00807853487730525
17.71,-0.010938392010989
17.72,-0.012368759613859
17.73,-0.0126897957897851
17.74,-0.0119341350909132
17.75,-0.0113264607868716
17.76,-0.0121239150140268
17.77,-0.013954759695293
17.78,-0.0149642372446312
17.79,-0.0122275849010123
17.8,-0.00754351130887969
17.81,-0.00370692708346769
17.82,-9.33155188656006e-05
17.83,0.00344802866502632
17.84,0.00633801463184716
17.85,0.00981024304887138
17.86,0.014498869255116
17.87,0.0174091457158604
17.88,0.0160580452176624
17.89,0.012022187172786
17.9,0.00796650191842043
17.91,0.00432584706023828
17.92,9.16302574996461e-05
17.93,-0.00444836394283679
17.94,-0.00788496554652991
17.95,-0.0107102670169744
17.96,-0.0134101998047137
17.97,-0.0155429435368184
17.98,-0.0177198840373033
17.99,-0.0202509539221022
18,-0.0217707721817411
18.01,-0.0209145046473553
18.02,-0.0183820669283157
18.03,-0.0159037950316703
18.04,-0.0142369993493754
18.05,-0.0125026703436337
18.06,-0.010545561974178
18.07,-0.00705707925376941
18.08,-0.000977181611941888
18.09,0.00495037628403057
18.1,0.010631450535605
18.11,0.0149290480004551
18.12,0.0147863667241302
18.13,0.0121997503688351
18.14,0.00945659023538119
18.15,0.0072145071103014
18.16,0.00438182880391638
18.17,-0.00070683020631503
18.18,-0.00683178850954785
18.19,-0.0122830724008736
18.2,-0.017165981833976
18.21,-0.0211668184624876
18.22,-0.0234574388843647
18.23,-0.0241100894437135
18.24,-0.0243515335005786
18.25,-0.0262571164486939
18.26,-0.0282073460303068
18.27,-0.0263591660433016
18.28,-0.0211762164292921
18.29,-0.0151489937301863
18.3,-0.0097165944588921
18.31,-0.00586633980473734
18.32,-0.00225729857725808
18.33,0.0016447507977297
18.34,0.00364737051928935
18.35,0.00427511859321283
18.36,0.00492709462649348
18.37,0.0051198086608426
18.38,0.00482391170530842
18.39,0.00391003883962147
18.4,0.0024272005928476
18.41,0.000975271771473764
18.42,-0.000503921955627282
18.43,-0.00233891199459373
18.44,-0.00555125393307868
18.45,-0.0107849068556759
18.46,-0.0159420723998003
18.47,-0.0198850967912476
18.48,-0.0221714041776571
18.49,-0.0226108860585406
18.5,-0.0227499311253816
18.51,-0.0226044384504388
18.52,-0.0219155079543846
18.53,-0.0197394136814544
18.54,-0.0154816028749857
18.55,-0.010895731855906
18.56,-0.00805716399296906
18.57,-0.00836551450096009
18.58,-0.00964217523586689
18.59,-0.00789858002501675
18.6,-0.00366285768212091
18.61,-0.000149576424587201
18.62,0.00269443728881012
18.63,0.00557400755101275
18.64,0.00675360745087262
18.65,0.00546394153118245
18.66,0.00295329919165237
18.67,0.000447771873824388
18.68,-0.00194107523043328
18.69,-0.00557894286634777
18.7,-0.0113080953015111
18.71,-0.0164411472640297
18.72,-0.0177718439092883
18.73,-0.0157869095670385
18.74,-0.0138241911092805
18.75,-0.0134521563316106
18.76,-0.0127980771399594
18.77,-0.0108284134619671
18.78,-0.0082841118869575
18.79,-0.00664404942970581
18.8,-0.00685730185611196
18.81,-0.00587697476079181
18.82,-0.00167013954023353
18.83,0.00306494052878492
18.84,0.00617280530748678
18.85,0.00719655870351899
18.86,0.0062366551176418
18.87,0.00386156050072812
18.88,0.00165274233338959
18.89,0.00195457316205481
18.9,0.00538058339752723
18.91,0.0090190011091258
18.92,0.00971612966617857
18.93,0.00856530861934461
18.94,0.00607492246281331
18.95,0.000273940138997403
18.96,-0.00680957642702879
18.97,-0.0115272457571884
18.98,-0.0136598156910859
18.99,-0.014997456959588
19,-0.0161128076803397
